10520 -1 10520 -1 -2
10520 -1 10520 -1 10520 -1 10520 -1 -2
10520 -1 -2
10520 -1 10520 -1 -2
10520 -1 10520 -1 10720 -1 -2
10520 -1 10520 -1 -2
10520 -1 10521 -1 10720 -1 -2
10520 -1 10520 -1 10521 -1 -2
10520 -1 10521 -1 1002 -1 -2
10520 -1 10520 -1 1002 -1 10520 -1 10520 -1 10720 -1 -2
10520 -1 10521 -1 10520 -1 10520 -1 10520 -1 10520 -1 -2
10520 -1 10521 -1 10521 -1 10520 -1 -2
10520 -1 10520 -1 1002 -1 1002 -1 -2
10520 -1 10521 -1 -2
10520 -1 -2
1002 -1 10520 -1 -2
10520 -1 1002 -1 -2
1002 -1 1002 -1 -2
1002 -1 10520 -1 10520 -1 -2
1002 -1 -2
10520 -1 1002 -1 -2
1002 -1 1002 -1 10520 -1 10520 -1 -2
10520 -1 10520 -1 10520 -1 -2
10520 -1 10520 -1 10520 -1 10520 -1 -2
10520 -1 10520 -1 10520 -1 10520 -1 -2
10520 -1 10720 -1 10521 -1 -2
10520 -1 10720 -1 -2
10520 -1 10521 -1 -2
10520 -1 10520 -1 10520 -1 10520 -1 -2
1002 -1 10520 -1 10520 -1 10520 -1 10520 -1 -2
10520 -1 1002 -1 -2
10520 -1 -2
10520 -1 10520 -1 10520 -1 10520 -1 -2
1002 -1 10520 -1 10520 -1 10520 -1 -2
10521 -1 10520 -1 -2
10520 -1 1002 -1 10521 -1 -2
10520 -1 10520 -1 1002 -1 -2
10521 -1 10520 -1 10520 -1 10520 -1 10520 -1 10020 -1 10020 -1 -2
10520 -1 10520 -1 -2
10520 -1 10520 -1 10520 -1 10521 -1 10520 -1 10521 -1 -2
10520 -1 10520 -1 -2
10520 -1 10520 -1 -2
10520 -1 10521 -1 10520 -1 10520 -1 -2
10520 -1 10720 -1 10520 -1 -2
10521 -1 10520 -1 -2
10520 -1 1002 -1 -2
10520 -1 1002 -1 -2
10520 -1 10521 -1 10521 -1 1002 -1 -2
10521 -1 1002 -1 10520 -1 -2
10520 -1 10520 -1 10521 -1 -2
10520 -1 10520 -1 -2
10521 -1 10520 -1 10521 -1 10520 -1 -2
1002 -1 10520 -1 1002 -1 10520 -1 -2
10520 -1 -2
10521 -1 10520 -1 -2
10521 -1 10520 -1 -2
10520 -1 10520 -1 -2
10521 -1 10520 -1 -2
10520 -1 10520 -1 -2
10520 -1 10520 -1 -2
10521 -1 1002 -1 10520 -1 -2
10521 -1 1002 -1 10520 -1 -2
10520 -1 10520 -1 10720 -1 10520 -1 10520 -1 -2
10520 -1 10520 -1 -2
10521 -1 10520 -1 10520 -1 -2
10520 -1 10521 -1 -2
10520 -1 10520 -1 10520 -1 -2
10520 -1 10520 -1 -2
10520 -1 -2
1002 -1 10520 -1 10521 -1 10520 -1 10720 -1 10520 -1 -2
10520 -1 -2
10520 -1 10520 -1 10520 -1 10520 -1 -2
10520 -1 10520 -1 -2
10520 -1 10520 -1 1002 -1 1002 -1 -2
10520 -1 -2
10520 -1 10520 -1 10520 -1 10520 -1 -2
10520 -1 10520 -1 10520 -1 10520 -1 -2
10520 -1 10520 -1 10520 -1 -2
10720 -1 10520 -1 -2
1002 -1 10520 -1 10520 -1 -2
10520 -1 10520 -1 10520 -1 -2
10520 -1 10520 -1 10521 -1 -2
10520 -1 10520 -1 10520 -1 10520 -1 10520 -1 10520 -1 10520 -1 10520 -1 10521 -1 10520 -1 10520 -1 10520 -1 10520 -1 10520 -1 10520 -1 -2
10521 -1 10520 -1 10520 -1 10520 -1 -2
10520 -1 10520 -1 10520 -1 -2
10520 -1 10520 -1 10520 -1 10520 -1 10521 -1 -2
10520 -1 10520 -1 10520 -1 -2
10520 -1 10520 -1 -2
10520 -1 10520 -1 10520 -1 -2
10520 -1 10520 -1 10520 -1 10520 -1 10520 -1 10520 -1 -2
10520 -1 10520 -1 -2
10520 -1 10520 -1 -2
10520 -1 10520 -1 10520 -1 -2
10520 -1 1002 -1 -2
10520 -1 10520 -1 10520 -1 -2
1002 -1 -2
10520 -1 -2
10520 -1 10520 -1 10720 -1 10520 -1 -2
10720 -1 11120 -1 -2
11120 -1 -2
11420 -1 10720 -1 10420 -1 10720 -1 -2
10521 -1 11320 -1 11420 -1 -2
10520 -1 -2
11420 -1 10520 -1 -2
10520 -1 10820 -1 10820 11120 11320 -1 10622 -1 11321 -1 10721 -1 -2
11121 -1 10720 -1 -2
11120 -1 10920 -1 10720 -1 11120 -1 10620 -1 10521 -1 11421 -1 10820 -1 -2
11121 -1 10521 -1 11021 -1 10220 -1 10520 11120 -1 10720 10721 10821 -1 10320 10920 -1 10621 11120 -1 10620 10720 -1 10621 -1 -2
10320 10720 -1 10721 -1 11320 -1 11120 -1 11020 -1 10621 -1 -2
10520 -1 11420 -1 10220 10720 -1 11121 -1 11121 -1 10320 -1 -2
10320 -1 11420 -1 10620 -1 10322 -1 -2
11120 -1 11122 -1 11420 -1 11120 -1 11120 -1 -2
10920 -1 10321 -1 11020 -1 11420 -1 10621 11121 -1 11422 -1 10720 -1 -2
10320 -1 11020 -1 11022 -1 11020 -1 -2
11120 -1 10320 -1 10620 -1 11020 -1 -2
10121 -1 10820 -1 11121 -1 11120 11321 -1 10321 -1 11321 -1 10520 -1 -2
11120 -1 10220 -1 11021 -1 10620 -1 -2
10920 -1 10622 -1 11122 -1 10620 -1 11320 -1 10320 -1 10520 -1 10520 -1 10520 -1 10621 -1 10220 -1 10520 -1 -2
10520 -1 10520 -1 10520 -1 10620 -1 11121 -1 10220 10720 -1 -2
10320 -1 10621 -1 10720 -1 -2
10321 -1 11020 -1 10820 -1 10721 -1 11120 -1 10620 10720 -1 10120 -1 10020 -1 10021 11120 -1 10621 -1 11121 -1 -2
10720 10821 -1 10821 -1 10320 -1 10520 -1 10320 -1 -2
11122 -1 10320 -1 10520 -1 11120 -1 -2
11121 11120 -1 10320 11020 -1 11120 -1 10520 -1 11320 -1 10520 -1 11120 -1 -2
10820 10920 -1 10620 -1 10420 -1 11320 -1 11420 -1 10620 -1 10620 -1 11421 -1 -2
10620 -1 11120 -1 11120 -1 11120 -1 10820 11021 -1 10622 -1 10220 -1 -2
10720 -1 10520 -1 10320 -1 11121 -1 11122 -1 10121 -1 -2
11120 -1 11120 -1 10620 -1 11120 11121 -1 11320 -1 10321 -1 11021 -1 10620 -1 10620 -1 -2
10620 -1 10520 -1 10620 -1 10321 -1 11020 -1 11120 -1 -2
11121 -1 10920 -1 11321 -1 10720 -1 10620 -1 10320 -1 11120 -1 10620 -1 10320 -1 10720 -1 10921 -1 10621 -1 -2
11120 -1 10321 -1 10920 -1 11122 -1 11120 -1 10920 -1 11022 11220 -1 -2
11420 -1 11121 -1 10620 -1 10820 -1 11021 -1 11120 -1 10520 -1 10321 -1 -2
10620 -1 10720 -1 11120 -1 11320 -1 10520 -1 -2
10520 -1 10920 11122 -1 10622 -1 11120 -1 -2
10520 -1 10321 -1 11120 -1 11120 -1 10920 -1 10321 10622 11121 -1 10020 -1 -2
11120 -1 11021 -1 10520 -1 11120 -1 10220 11120 -1 10621 -1 10720 11421 -1 10520 -1 10821 -1 11120 -1 11120 -1 -2
10320 -1 10520 11122 -1 10320 -1 11121 -1 -2
10721 -1 10322 -1 10420 -1 10720 -1 10320 11320 -1 11420 -1 10720 -1 10621 -1 10621 -1 -2
11120 -1 11121 -1 11121 -1 10020 -1 10321 -1 10520 -1 -2
11121 -1 10621 -1 -2
10520 -1 10621 -1 10820 -1 11320 -1 10120 -1 11320 -1 11120 -1 11120 -1 10220 -1 -2
10320 -1 11120 -1 11120 -1 11320 -1 10820 11320 -1 11120 -1 10820 -1 11122 -1 10920 -1 10820 -1 -2
10820 -1 10121 -1 10720 -1 10520 -1 -2
10620 -1 11120 -1 11321 -1 10120 -1 11121 -1 -2
10622 -1 11121 11320 -1 11120 -1 10821 -1 10520 -1 -2
11320 -1 10520 -1 -2
10620 -1 11320 -1 10621 -1 10320 -1 -2
10820 -1 11121 -1 -2
10420 -1 10920 -1 10120 -1 10321 -1 -2
11121 -1 -2
11120 -1 10320 -1 11120 -1 10820 -1 -2
10720 -1 11120 11121 -1 10820 -1 11420 -1 -2
10322 -1 11120 -1 11021 -1 11120 -1 -2
11320 -1 11320 -1 10621 -1 11320 -1 11320 -1 10620 -1 -2
11020 -1 10620 -1 10621 -1 -2
10321 -1 11021 -1 10321 -1 10520 -1 -2
10920 -1 11421 -1 -2
10722 -1 10320 -1 10120 -1 10820 -1 10420 -1 -2
11120 -1 -2
10620 -1 11421 -1 10820 -1 -2
11421 -1 10320 -1 10920 -1 -2
11320 -1 10320 -1 11420 -1 10321 11120 -1 -2
10520 -1 11120 -1 -2
11022 -1 11121 -1 10520 -1 -2
10520 -1 10220 -1 11120 -1 10720 -1 11120 -1 10622 -1 10520 -1 -2
10620 -1 11120 -1 10620 -1 10620 -1 10220 -1 11120 11420 -1 10320 -1 10720 11120 -1 11420 -1 -2
10720 -1 10220 -1 10720 -1 11120 -1 -2
10620 11120 -1 11420 -1 10820 -1 10020 -1 10820 -1 10720 -1 10620 -1 11122 -1 11120 -1 10720 -1 -2
10820 -1 11320 -1 11320 -1 10920 -1 10620 -1 11421 -1 11421 -1 10720 -1 -2
11120 -1 11120 -1 10620 10621 -1 10321 -1 11120 -1 10122 10720 -1 10220 -1 10620 -1 -2
10620 -1 10620 -1 10420 -1 10620 -1 10520 -1 -2
10620 -1 10020 -1 10220 -1 10920 -1 11120 -1 10520 -1 10521 -1 -2
11120 -1 11120 -1 10920 -1 -2
10721 11121 -1 10720 -1 11120 -1 10620 11420 -1 11122 -1 10622 -1 -2
10620 -1 10621 10620 -1 10620 -1 10920 -1 10620 -1 -2
10620 -1 10620 -1 10920 -1 11320 -1 10920 -1 11320 11420 -1 11120 -1 -2
10820 -1 10420 10920 -1 10320 -1 11121 -1 10520 -1 -2
11120 -1 11120 -1 -2
11120 -1 10520 -1 11120 -1 -2
10820 -1 10622 -1 10620 -1 10320 -1 10620 -1 10720 -1 -2
10122 -1 10020 -1 10420 -1 10920 11120 -1 10720 -1 -2
10520 -1 10820 -1 10920 -1 10220 -1 11420 -1 10220 -1 11120 -1 10320 -1 10520 -1 -2
10821 -1 10220 -1 10920 -1 10520 -1 10020 -1 11320 -1 -2
10320 -1 11020 -1 10720 -1 10520 -1 11120 -1 -2
11120 -1 10620 11320 -1 10820 -1 11120 -1 -2
11121 -1 10621 -1 10521 -1 10720 11121 -1 10020 -1 11120 -1 10020 -1 10820 -1 10820 -1 -2
10820 -1 10520 -1 10521 -1 10120 -1 -2
11120 -1 10720 -1 10520 -1 10321 -1 10720 -1 10620 -1 10620 -1 11121 -1 11120 -1 -2
10520 -1 10820 -1 10520 -1 10520 -1 11121 -1 10220 -1 -2
11320 -1 11320 -1 10321 -1 10122 10720 -1 11120 -1 -2
11320 -1 10321 11120 -1 10620 -1 10320 -1 10320 10620 -1 10320 -1 10520 -1 11120 -1 10620 -1 11120 -1 -2
11120 -1 11120 -1 11120 -1 10820 -1 10820 -1 10820 -1 11320 -1 11422 -1 -2
11120 -1 10320 11120 -1 11120 11420 -1 10621 -1 10520 -1 10420 -1 10722 -1 -2
10120 -1 10120 -1 11120 -1 11420 -1 11420 -1 -2
11020 11120 -1 11120 -1 10720 -1 11020 -1 -2
11120 -1 10620 -1 11120 -1 10620 -1 10621 10820 -1 10920 -1 10320 -1 -2
10320 -1 10520 11120 -1 11120 -1 10320 -1 10720 -1 10320 -1 11420 -1 11020 -1 11120 -1 -2
11121 -1 10320 -1 10620 -1 10520 11120 -1 -2
10722 -1 11020 -1 10520 -1 10320 -1 10720 -1 10321 -1 -2
10520 11121 11120 -1 11120 -1 10920 11121 11320 -1 10820 -1 10420 -1 -2
11020 -1 10420 -1 10620 -1 11021 -1 11320 -1 -2
10820 -1 10520 -1 11020 -1 10420 -1 10521 -1 10720 -1 11320 -1 -2
10820 -1 10820 -1 10520 11420 -1 10321 -1 -2
11020 -1 10620 -1 10320 -1 10320 -1 -2
10620 10720 -1 11320 -1 11421 -1 10720 -1 10920 -1 11120 -1 11120 -1 11120 -1 11120 -1 10720 -1 -2
11120 -1 10720 -1 10720 -1 10720 -1 10720 -1 11120 -1 10720 -1 10621 -1 -2
11121 -1 10720 11120 -1 10020 10920 -1 11120 -1 10220 -1 -2
10120 11120 -1 10120 -1 11120 -1 11120 -1 11120 -1 10520 -1 -2
11122 -1 11121 -1 10720 -1 11121 -1 10520 -1 10220 10620 -1 10320 -1 -2
11121 -1 10820 -1 10320 10820 -1 -2
11120 -1 11120 -1 11321 -1 11120 -1 11120 -1 11120 -1 10820 -1 11121 -1 11121 -1 -2
10320 -1 10720 -1 11121 -1 -2
10721 -1 10520 11420 -1 10721 -1 10520 -1 10720 11120 -1 11122 -1 11120 -1 11120 -1 10622 -1 11320 -1 11420 -1 -2
10820 -1 10420 10820 -1 10820 -1 11122 -1 10920 11120 -1 11120 -1 10420 -1 -2
10820 11121 -1 10620 -1 10320 -1 -2
11320 -1 10520 -1 10520 11120 -1 10520 -1 11120 -1 11120 -1 11120 -1 -2
11120 -1 11120 -1 10620 -1 11120 -1 11120 -1 10820 -1 11120 11320 -1 11120 -1 10621 11120 -1 -2
11120 -1 11120 -1 10620 -1 10921 11120 -1 10020 -1 10920 -1 11420 -1 10820 -1 10820 -1 10620 -1 11120 -1 10622 -1 -2
10620 -1 10020 -1 10820 -1 11120 -1 11120 -1 10220 -1 11120 -1 11120 -1 11021 11120 -1 -2
10820 -1 11320 -1 10020 -1 11120 -1 10620 -1 -2
10620 -1 10720 -1 10320 10621 11120 -1 11420 -1 10520 -1 10320 -1 10320 -1 -2
11121 -1 11120 -1 11120 -1 10020 -1 10620 -1 10020 -1 10122 -1 10321 -1 -2
10820 -1 10220 -1 11120 -1 11120 -1 10320 -1 10720 -1 10720 -1 -2
10620 -1 10720 -1 10620 -1 10820 11121 -1 10620 -1 10820 -1 10820 -1 11421 -1 -2
10320 11020 -1 11120 -1 10520 -1 10720 -1 11420 -1 10620 -1 11420 -1 10320 -1 10520 -1 10520 -1 10220 -1 -2
11120 -1 11121 -1 10720 -1 10720 -1 -2
10520 -1 10520 10620 -1 10820 -1 11320 -1 -2
10320 11120 -1 11121 -1 11120 -1 10320 10420 -1 10720 -1 10820 -1 11121 -1 10820 -1 10620 -1 11120 -1 10021 10920 -1 -2
10722 -1 11320 -1 10420 -1 10622 -1 10420 -1 11120 -1 -2
10722 -1 10320 -1 10320 -1 11120 -1 11420 -1 10020 -1 10322 -1 -2
10520 -1 10720 -1 10720 -1 10720 -1 -2
11121 -1 11120 -1 10620 -1 -2
11122 -1 10720 -1 11120 -1 10321 -1 10321 -1 10220 -1 11120 -1 11120 -1 -2
10720 -1 10020 -1 10620 -1 10520 -1 11020 -1 10820 -1 10722 -1 -2
11120 11420 -1 11120 -1 10620 -1 11120 -1 11120 -1 11120 11122 -1 -2
10520 -1 -2
11120 -1 11120 -1 10720 -1 10420 10820 -1 10120 10620 -1 10720 -1 10321 11021 -1 -2
11120 -1 10020 -1 11121 -1 11120 -1 11420 -1 10220 -1 -2
10321 -1 10220 10420 -1 11121 -1 11120 -1 11120 -1 11320 -1 10720 -1 -2
10720 -1 11321 -1 10520 -1 10820 -1 -2
10320 -1 11020 -1 -2
11120 -1 10920 -1 10720 -1 10320 -1 10320 -1 11420 -1 10720 -1 10720 11020 -1 11120 -1 10720 -1 -2
10920 -1 11122 -1 11120 -1 11120 -1 10621 -1 11320 -1 10721 -1 10320 11020 -1 11120 -1 10520 -1 -2
11120 -1 10320 11120 -1 11120 -1 10722 -1 10620 -1 11020 -1 11421 -1 -2
11120 -1 11020 -1 11320 -1 11420 -1 10520 -1 11021 -1 11120 -1 -2
10620 -1 10820 -1 11320 -1 11420 -1 10520 -1 10820 -1 11120 -1 -2
10520 11122 -1 10620 -1 11320 -1 -2
10320 11121 -1 10620 -1 11421 -1 10820 -1 10920 -1 10020 -1 11420 -1 10720 -1 11121 -1 11120 -1 -2
10920 -1 10420 10820 -1 10020 -1 11320 -1 11320 -1 10320 -1 -2
10620 -1 10521 11120 -1 10820 -1 10920 -1 10621 -1 11120 -1 -2
10720 -1 11120 -1 10720 -1 11120 -1 10722 -1 11220 -1 10020 11021 -1 -2
10621 -1 10220 -1 11120 -1 10620 -1 10520 -1 11120 -1 -2
10321 -1 10720 -1 10620 -1 -2
11320 -1 10020 -1 10220 -1 10320 11120 -1 10620 -1 11020 -1 11020 -1 10620 11320 -1 -2
11120 -1 11420 -1 11121 -1 11120 -1 10621 -1 11320 -1 11120 -1 10620 11320 -1 10620 -1 10320 -1 10121 -1 -2
10620 -1 10620 -1 11120 -1 10320 -1 10520 -1 -2
11120 -1 10321 -1 11020 -1 11120 -1 10521 10722 -1 10621 -1 11120 -1 10320 -1 11120 -1 -2
10321 -1 10720 -1 11121 -1 10920 -1 11120 -1 10622 -1 11121 -1 11120 -1 -2
10720 -1 11420 -1 11120 -1 10320 -1 10620 11120 -1 11120 -1 10520 -1 10320 -1 -2
10620 -1 11121 -1 11120 -1 11120 -1 11120 -1 11420 -1 -2
11120 -1 11320 -1 11420 -1 11120 -1 11120 -1 11320 -1 11120 -1 -2
11120 -1 11120 -1 10920 -1 10920 11120 -1 10320 -1 11320 -1 11120 -1 10820 -1 -2
10320 -1 10820 -1 11121 -1 11120 -1 10020 10820 -1 10620 -1 10920 -1 10220 -1 11020 -1 10620 -1 10620 -1 -2
11120 -1 10620 -1 11120 -1 10820 -1 10420 10620 -1 -2
11120 11320 -1 11120 -1 11120 -1 10820 -1 10820 -1 10620 -1 10621 10820 -1 10521 -1 10820 -1 -2
10920 -1 10720 -1 -2
10620 -1 11120 -1 11120 -1 11121 -1 -2
10620 -1 10220 -1 10820 -1 10620 11320 -1 10720 -1 10820 -1 10220 -1 10620 11120 -1 -2
10220 10620 -1 11320 -1 11122 -1 10020 -1 11321 -1 10321 -1 10820 -1 10520 -1 -2
10620 11320 -1 10620 -1 11120 -1 10320 -1 11120 -1 -2
11320 -1 10322 -1 10320 -1 10320 -1 10620 -1 10720 -1 -2
10220 10720 -1 10620 -1 10921 -1 11020 -1 10820 -1 10721 -1 -2
11320 -1 11120 -1 10520 -1 11320 -1 11120 -1 11420 -1 -2
10120 -1 10520 -1 10320 -1 -2
11120 -1 11420 -1 10620 -1 10321 -1 -2
10820 11120 -1 11120 -1 11120 -1 11120 -1 10321 -1 11120 -1 -2
10620 -1 10320 -1 10620 -1 10820 -1 11420 -1 10620 -1 10520 11120 -1 10920 -1 11120 -1 -2
10120 -1 10620 -1 10620 -1 11120 -1 -2
11120 -1 10322 -1 10620 -1 10520 -1 -2
11320 -1 10420 -1 11120 -1 11120 -1 -2
11420 -1 10120 -1 10720 -1 11320 -1 10820 -1 -2
10720 -1 10720 11120 -1 11120 -1 11120 -1 11121 -1 -2
11120 -1 11120 -1 11120 11420 -1 10720 -1 10622 -1 10720 11120 -1 11121 11120 -1 10722 -1 -2
10121 -1 10020 -1 11320 11420 -1 10620 -1 11320 11420 -1 -2
10620 -1 10520 -1 10621 -1 11120 -1 -2
11121 -1 10821 -1 10520 -1 10120 -1 10320 -1 10420 -1 11320 -1 -2
10520 11120 -1 10720 -1 10620 10720 -1 10621 -1 11120 -1 11020 -1 11120 -1 -2
11121 -1 11120 -1 10820 -1 11120 -1 10320 10620 -1 -2
11120 -1 10320 -1 11120 -1 10220 -1 11420 -1 11120 -1 10821 -1 -2
11121 11120 -1 10720 11320 -1 11320 -1 11121 -1 -2
11320 -1 11120 11320 -1 11120 -1 11120 -1 10020 -1 -2
11121 -1 10721 -1 10620 -1 10620 11320 -1 10220 -1 11120 -1 10820 -1 10020 -1 -2
11020 -1 10220 11320 -1 11320 -1 11120 -1 10020 -1 10520 11120 -1 -2
10621 -1 10621 -1 10520 -1 10320 11120 -1 10220 -1 10720 -1 -2
10620 -1 11120 -1 10420 -1 10020 -1 10820 -1 10220 -1 10220 -1 11421 -1 -2
10620 -1 10420 -1 11120 -1 11122 -1 -2
10320 -1 10620 11121 -1 10521 -1 10320 -1 10620 -1 10520 -1 10321 -1 10920 -1 10520 -1 -2
10620 -1 10620 -1 10420 11420 -1 10021 -1 -2
11121 -1 11420 -1 11420 -1 10721 -1 11120 -1 11020 -1 -2
10420 -1 11121 -1 10722 -1 11120 -1 11321 -1 -2
11420 -1 11420 -1 10820 11120 -1 10620 -1 -2
10320 -1 11020 -1 11120 -1 10122 10620 -1 10520 -1 10620 -1 -2
10620 -1 11120 -1 11420 -1 11020 11120 -1 11120 -1 11120 -1 11020 11120 -1 11320 -1 11120 -1 10621 -1 -2
11421 -1 11120 -1 11320 -1 11320 -1 10121 -1 11020 -1 10620 -1 -2
10920 -1 10620 -1 10720 -1 11120 -1 -2
11120 -1 10320 -1 11120 -1 11320 -1 10720 -1 -2
11320 -1 10720 -1 11120 -1 10621 -1 10820 -1 11120 -1 -2
10520 -1 11420 -1 10820 11120 -1 11120 -1 11120 -1 11121 -1 11120 -1 -2
11320 -1 11320 -1 11120 -1 11120 -1 11120 -1 -2
10620 -1 10321 -1 11120 -1 10020 10620 -1 -2
10621 -1 11120 -1 11120 -1 10320 -1 11120 -1 11020 -1 11120 -1 10720 -1 11120 -1 11120 -1 -2
11120 -1 11121 -1 11120 -1 10321 -1 11122 -1 11121 -1 11120 11320 -1 11120 -1 11420 -1 -2
10220 -1 11120 -1 10721 -1 10620 -1 11120 -1 10520 -1 11120 -1 11020 -1 11120 -1 -2
10920 -1 10021 -1 10520 10620 -1 11120 -1 11020 11120 -1 10020 -1 -2
10220 -1 11320 -1 10920 -1 11121 -1 -2
10321 -1 11120 -1 10520 11121 -1 10721 11120 -1 10720 -1 10821 -1 -2
10320 10720 -1 10620 10720 11120 -1 10720 -1 10220 10721 10820 -1 10520 -1 -2
11120 -1 11120 -1 11120 -1 11420 -1 11420 -1 -2
11121 -1 10320 -1 10620 -1 -2
11120 -1 11120 -1 11120 -1 11122 -1 10720 -1 11321 -1 -2
11420 -1 10721 -1 10621 -1 11120 -1 11121 -1 -2
10320 -1 11320 -1 11120 -1 10220 -1 11121 -1 -2
11120 -1 10920 -1 11120 -1 -2
11120 -1 10720 -1 -2
11120 -1 10720 -1 10622 -1 11320 -1 11120 -1 11120 -1 11122 -1 -2
11120 -1 10220 11122 -1 11120 -1 10720 -1 10320 -1 10621 -1 10020 -1 -2
10420 -1 10520 -1 11120 -1 11120 -1 10220 10320 -1 11120 -1 11120 -1 11120 -1 10820 -1 11120 -1 -2
11120 -1 11120 -1 10820 -1 11120 -1 11120 -1 -2
10120 -1 10122 11121 -1 10820 -1 11120 -1 11120 -1 11320 -1 10520 -1 -2
10320 -1 11420 -1 10720 11120 -1 -2
11120 -1 10321 -1 10620 -1 10720 -1 10320 -1 -2
11121 -1 10321 11121 -1 10621 11120 -1 11420 -1 11120 -1 11120 -1 10820 -1 -2
11120 -1 10320 -1 10620 10720 -1 10320 -1 11120 -1 10020 -1 11121 -1 11421 -1 -2
10622 -1 10720 -1 10520 -1 10122 -1 11120 -1 11120 -1 -2
10520 -1 11120 -1 10620 -1 10920 -1 11420 -1 -2
10720 11120 -1 11120 -1 10520 10721 -1 11120 -1 10321 -1 11122 -1 -2
11120 -1 11120 -1 10622 -1 11020 -1 -2
11421 -1 10320 -1 10722 -1 11121 -1 11320 -1 -2
11320 -1 10821 -1 10820 -1 10321 -1 11120 -1 10520 -1 -2
11121 -1 10320 -1 10020 11021 -1 10420 11121 -1 11120 -1 10121 -1 -2
10520 -1 10720 -1 10720 -1 11120 -1 10620 -1 -2
11121 -1 11120 -1 11420 -1 10720 11021 11121 -1 11420 -1 11421 -1 -2
11120 -1 11320 -1 11120 -1 10720 -1 10720 -1 11121 -1 -2
11120 -1 11120 11121 -1 10322 -1 10520 10720 -1 -2
10720 -1 10820 -1 10821 -1 11120 -1 11120 -1 -2
10320 -1 10520 -1 11421 -1 10721 -1 10821 -1 -2
10720 10820 -1 10721 -1 11120 -1 10321 -1 10520 -1 -2
11321 -1 10121 -1 11122 -1 11120 -1 10820 -1 10320 -1 -2
10722 11120 -1 11120 -1 10620 -1 10920 11120 -1 10320 -1 10620 -1 10020 -1 11320 -1 10621 -1 -2
10620 -1 10520 -1 10620 -1 11420 -1 10621 -1 11120 -1 11420 -1 11120 -1 -2
10120 -1 10621 -1 10322 11120 -1 10920 -1 11321 -1 10722 -1 -2
10720 -1 10620 -1 10420 -1 11122 -1 10722 -1 -2
11120 -1 11120 -1 11321 -1 10621 -1 -2
10622 -1 10722 -1 11320 -1 10720 -1 10720 -1 11120 -1 -2
11121 -1 10722 -1 10722 -1 10020 10722 -1 10220 -1 -2
11120 -1 10220 -1 11121 -1 -2
10320 -1 11121 -1 10320 -1 11420 -1 -2
11120 -1 10820 -1 -2
10621 10820 -1 -2
11120 -1 10020 -1 10720 -1 11120 -1 10720 -1 11120 -1 -2
11120 11122 -1 10020 11120 -1 11121 -1 10321 -1 -2
10620 11320 -1 11121 -1 11420 -1 10220 -1 11121 -1 11020 11122 11120 -1 10621 -1 -2
11020 11120 -1 10020 -1 10720 -1 -2
10720 -1 11120 -1 11420 -1 10321 -1 10620 -1 -2
10320 -1 11120 -1 -2
11121 -1 10520 -1 11420 -1 10620 -1 10320 -1 -2
10320 -1 10721 -1 10122 -1 10420 -1 10320 -1 10621 10620 -1 -2
10821 -1 10320 -1 10322 -1 10220 -1 10320 -1 10720 -1 -2
11120 11420 -1 10621 -1 11120 -1 11420 -1 -2
11120 -1 11120 -1 11120 -1 -2
11120 -1 10320 -1 10120 -1 10720 -1 -2
10420 -1 11320 -1 11120 -1 11122 -1 10122 11120 -1 -2
10020 10620 11121 -1 10020 -1 10020 -1 11120 -1 11120 -1 10721 -1 10520 -1 11121 -1 10520 -1 11121 -1 -2
10620 -1 11120 11320 -1 11120 -1 -2
10620 -1 11120 -1 11120 -1 -2
11120 -1 11120 -1 10520 -1 10220 -1 11122 -1 11020 11120 -1 -2
11121 -1 11121 -1 10122 -1 -2
10720 -1 11320 -1 11121 -1 -2
11120 -1 11120 -1 10321 -1 11421 -1 -2
10320 11120 -1 10720 -1 10620 -1 10020 -1 10720 -1 -2
10821 -1 10820 -1 10720 -1 11122 -1 -2
10720 -1 11420 -1 11120 -1 11122 -1 10620 -1 10520 11120 -1 10720 11121 -1 11121 -1 11120 -1 11122 -1 11320 -1 -2
10620 -1 11121 -1 -2
10621 -1 10620 -1 11120 -1 10820 -1 10921 -1 -2
11120 -1 10520 -1 10920 -1 10120 -1 11120 -1 10620 -1 11120 -1 11120 -1 11121 -1 -2
11120 -1 11421 -1 10720 -1 11120 -1 -2
11120 -1 10320 -1 10220 -1 10820 -1 11120 -1 -2
11120 -1 10520 -1 10720 11120 -1 10721 -1 -2
10320 -1 10720 -1 11122 -1 11120 -1 10620 -1 11120 -1 10520 -1 10520 -1 -2
10220 11120 -1 10320 -1 11420 -1 11120 -1 11120 -1 10820 -1 10521 -1 -2
10321 -1 10720 -1 11120 -1 10720 -1 10821 -1 -2
11122 -1 10520 -1 10722 -1 10621 -1 10620 -1 10722 -1 -2
11120 -1 10320 -1 10620 -1 11121 -1 10520 -1 11120 -1 -2
10620 -1 10821 -1 10420 -1 10420 -1 10720 -1 10722 -1 10020 -1 -2
10320 -1 10320 -1 10320 -1 -2
10320 -1 10321 -1 11120 -1 11120 -1 11120 -1 11420 -1 11120 -1 -2
11120 -1 11120 -1 10621 -1 10720 -1 10720 11120 -1 11120 -1 11120 -1 11120 -1 -2
10620 -1 10322 -1 10621 -1 11120 -1 11121 -1 10621 -1 11421 -1 -2
10620 11120 -1 11120 -1 10721 -1 10720 -1 -2
10320 -1 10721 -1 11120 -1 11121 -1 10320 -1 -2
10620 -1 11121 -1 10320 -1 10321 -1 10720 -1 -2
10820 -1 10220 -1 10720 -1 10320 -1 11122 11420 -1 11120 -1 -2
10520 -1 10520 -1 11120 -1 11120 -1 10320 -1 -2
10320 -1 11120 -1 10121 -1 10420 -1 11421 -1 10721 -1 -2
11120 -1 11120 -1 10621 -1 11121 -1 11121 -1 11120 -1 11120 -1 -2
11420 -1 10120 -1 11120 -1 -2
11121 -1 11120 -1 10620 -1 10121 11121 -1 10720 -1 10821 11321 -1 11121 11120 -1 -2
11020 -1 11320 -1 11120 -1 10722 -1 -2
11421 -1 11120 -1 11120 -1 11120 -1 10320 -1 11420 -1 10820 -1 10620 11120 -1 -2
11120 -1 10620 -1 11120 -1 10220 -1 11120 -1 11320 -1 -2
11120 -1 11121 -1 -2
10720 -1 11120 -1 10220 -1 10720 -1 10720 -1 11120 -1 -2
11120 -1 10420 -1 11120 -1 10620 -1 -2
10220 -1 11121 -1 11120 -1 11121 -1 -2
10720 -1 10820 -1 10720 -1 10020 10820 -1 10721 -1 10820 -1 11422 -1 -2
10521 -1 11120 -1 11120 -1 -2
11320 -1 10722 -1 10520 -1 -2
10620 -1 10621 -1 10620 -1 10620 -1 -2
11320 -1 11320 -1 10020 -1 -2
10520 10620 -1 11420 -1 10320 -1 10621 -1 10021 11320 -1 11320 -1 10820 -1 11120 -1 -2
10520 -1 10720 -1 11120 -1 11120 -1 -2
11120 -1 11122 -1 -2
10321 -1 11421 -1 11121 -1 10621 -1 10620 -1 11220 -1 -2
11120 -1 11120 -1 10821 -1 11120 11320 -1 11120 -1 11020 -1 -2
11321 -1 10620 -1 11120 -1 11120 -1 10720 -1 11120 -1 -2
10420 -1 11120 -1 11120 -1 10520 -1 11121 -1 11320 11420 -1 11320 -1 10620 -1 10320 -1 -2
10820 -1 10520 10521 -1 11121 -1 11420 -1 10320 -1 10722 -1 10722 -1 11120 -1 10820 -1 10920 11122 11121 -1 10622 10920 -1 -2
10921 11420 -1 10921 -1 11120 -1 11122 -1 10620 11320 -1 11120 -1 -2
11121 -1 11122 -1 10920 -1 11120 -1 10920 -1 -2
11121 -1 11320 -1 10722 -1 11122 -1 11121 -1 11120 -1 10722 -1 -2
10420 -1 10620 -1 11121 -1 11120 -1 -2
10720 11120 -1 11121 -1 10321 11122 -1 10721 -1 10322 -1 -2
11321 -1 10720 11320 -1 10720 -1 11020 -1 -2
11120 -1 11120 -1 10620 -1 -2
11120 -1 11120 -1 10220 -1 11121 -1 10020 -1 11120 -1 10820 -1 11120 -1 -2
11120 -1 10620 -1 11321 -1 11120 -1 -2
10720 -1 10620 -1 10520 -1 11421 -1 11120 -1 10520 -1 11420 -1 -2
11121 -1 11420 -1 11420 -1 11120 -1 10321 -1 10821 -1 -2
11120 -1 11420 -1 10521 -1 10122 -1 11420 -1 10720 -1 -2
10620 -1 10620 -1 10620 -1 10321 -1 10520 -1 10620 -1 10622 -1 11121 -1 11420 -1 -2
10621 11320 -1 10620 -1 10322 -1 11122 -1 10620 -1 10321 -1 -2
10020 -1 11321 -1 11020 -1 -2
10521 11120 -1 10020 -1 10420 -1 -2
11120 -1 11122 -1 -2
10721 -1 10420 -1 11120 -1 11320 -1 11120 -1 11120 -1 10220 -1 -2
10120 -1 10620 -1 11420 -1 11121 -1 10621 -1 10720 -1 11122 -1 -2
10420 11120 -1 11120 -1 10720 -1 10320 -1 10320 -1 10620 -1 -2
10621 -1 10122 -1 11120 -1 -2
11120 -1 11120 -1 10720 -1 11120 -1 -2
10720 -1 11120 11421 -1 11120 -1 10521 10920 -1 11120 -1 -2
10520 -1 11020 -1 11120 -1 11120 -1 10620 -1 11320 -1 11120 -1 11420 -1 11120 -1 10720 -1 11420 -1 -2
11120 -1 10320 -1 11120 -1 -2
10720 -1 11122 -1 10720 -1 11421 -1 -2
10622 10620 -1 11121 -1 10520 -1 10621 -1 11121 -1 10520 -1 10721 -1 10920 -1 -2
10721 -1 10820 -1 11120 -1 10220 -1 11121 -1 10620 -1 -2
10520 -1 11121 -1 11120 -1 11120 -1 11120 -1 10620 11120 11320 -1 11120 -1 -2
10722 -1 10620 -1 11120 -1 11120 -1 11120 -1 10320 -1 -2
10320 -1 10920 -1 11020 -1 11120 -1 10720 -1 10621 -1 10621 -1 11120 -1 -2
10920 -1 11120 -1 11120 -1 10320 -1 11120 -1 10721 -1 10121 -1 10722 -1 10620 11020 -1 -2
10720 -1 11120 -1 -2
10621 -1 11120 -1 10320 11120 -1 10320 -1 11120 -1 10320 -1 10321 -1 11122 -1 -2
10320 -1 11122 -1 11120 -1 10321 10420 -1 10620 -1 -2
11122 -1 10320 -1 11422 -1 10620 -1 10520 -1 10020 10520 -1 11120 -1 11120 -1 10821 -1 -2
10321 -1 10520 -1 10920 -1 10621 -1 11121 -1 10120 -1 10321 10721 -1 10620 10720 11120 -1 11121 -1 11120 -1 -2
10320 -1 11120 -1 10420 -1 11122 -1 10320 -1 -2
10420 11420 -1 11121 -1 11020 -1 10720 10821 11122 -1 11321 -1 11120 -1 11121 -1 10120 -1 -2
10620 -1 11122 -1 11020 -1 11420 -1 11321 -1 11120 -1 11120 -1 11120 -1 -2
11321 -1 10020 -1 11420 -1 11120 -1 10120 -1 10320 -1 10621 11320 -1 10020 -1 11320 -1 10620 -1 10722 11122 -1 -2
10321 -1 10020 -1 10321 -1 11120 -1 10520 -1 10720 -1 -2
10720 -1 10520 -1 10521 -1 11120 -1 10620 -1 -2
11120 -1 10620 -1 11120 -1 11120 -1 10620 -1 10322 -1 10820 -1 -2
10620 11122 -1 11421 -1 10620 11021 -1 11120 -1 10920 -1 -2
11121 -1 10420 11120 -1 11020 11120 -1 11120 -1 10220 -1 11320 -1 11121 11320 -1 11320 -1 11320 -1 11122 -1 -2
10920 11420 -1 11122 -1 10520 -1 10720 -1 11421 -1 -2
10620 -1 11120 -1 11120 -1 11120 -1 10322 -1 11320 -1 11020 -1 11121 -1 11020 -1 10322 -1 -2
11020 -1 10720 -1 10020 10820 10921 -1 10721 10820 -1 10620 -1 11020 -1 11420 -1 10820 -1 11420 -1 10322 10821 -1 -2
11120 -1 10620 -1 10321 10621 -1 11120 -1 11321 -1 11320 -1 10020 -1 -2
10621 -1 10722 -1 11020 11120 -1 10321 -1 10520 -1 10721 -1 10620 -1 -2
10821 -1 10720 -1 10220 10720 -1 10322 -1 10720 -1 11121 -1 10720 -1 10622 10720 -1 10721 -1 11120 -1 -2
10820 -1 11120 -1 11022 -1 11120 -1 -2
10620 -1 10620 -1 11120 -1 10721 -1 10321 -1 11321 -1 11122 -1 11020 -1 -2
10322 -1 11120 -1 10720 -1 10820 -1 11022 -1 10620 11021 -1 -2
10321 -1 10020 -1 10321 -1 11120 -1 11121 -1 11120 -1 10121 -1 -2
10320 -1 10720 -1 10720 -1 10720 -1 10520 10720 -1 11122 -1 11420 -1 10620 10720 -1 11120 -1 10620 -1 -2
11120 -1 11120 -1 11421 -1 11120 -1 10521 -1 10620 11120 -1 10321 -1 10020 10621 -1 10720 -1 -2
11420 -1 11121 -1 10520 -1 10620 -1 11121 -1 10722 -1 -2
11120 -1 10121 -1 11122 -1 10720 -1 10621 -1 10520 10622 -1 11420 -1 10720 -1 10620 -1 -2
11421 -1 10620 -1 11121 -1 10821 -1 10620 -1 10620 -1 10920 -1 11120 -1 10320 -1 11320 -1 10720 -1 11120 -1 11120 -1 11122 -1 11120 -1 -2
10720 11121 -1 11120 -1 10722 -1 10520 -1 10820 -1 11120 -1 10620 -1 11020 -1 -2
11121 -1 10320 -1 10320 -1 10120 -1 11121 -1 11121 -1 10320 -1 11421 -1 10122 10420 -1 10122 -1 11121 -1 11120 -1 -2
10020 -1 10220 11120 -1 11120 -1 10020 -1 10420 -1 10020 -1 11121 -1 10220 -1 10621 -1 11120 -1 10420 11020 11120 -1 -2
10720 -1 10722 10920 -1 11120 -1 10520 11020 11121 -1 10020 11121 -1 10020 10420 -1 11120 -1 11120 11121 -1 11120 -1 11321 -1 10121 -1 10021 -1 10820 -1 -2
10620 11122 -1 10320 -1 11020 -1 10620 11020 -1 10620 11120 -1 10920 -1 -2
11120 -1 10721 -1 10020 -1 10620 -1 11122 -1 10020 -1 10620 -1 -2
10621 11120 -1 10420 10521 10720 -1 10620 11120 -1 10621 -1 -2
10320 -1 10620 -1 11120 -1 10720 -1 10721 -1 10820 -1 10620 10720 -1 11120 -1 10620 -1 10720 10920 11120 -1 10920 -1 -2
10320 -1 10420 -1 10320 10721 -1 10620 -1 10621 -1 11120 -1 11420 -1 10820 -1 10720 -1 10122 -1 11121 11120 -1 11320 -1 -2
11120 -1 11120 -1 11320 -1 10520 -1 11120 -1 11121 -1 -2
10320 -1 11420 -1 11122 -1 10820 -1 10620 10720 -1 11120 -1 -2
11121 -1 10321 -1 11420 -1 11120 -1 10220 -1 10121 -1 11121 -1 10620 -1 10620 -1 -2
10622 -1 11120 -1 10220 10520 -1 10122 -1 10720 -1 10121 -1 10720 -1 10020 10121 -1 -2
10620 10720 -1 10720 -1 10620 -1 11120 -1 10020 -1 10420 -1 10620 -1 10820 -1 11120 -1 11122 11120 11420 -1 10720 11120 -1 11121 -1 10620 -1 -2
11120 -1 10220 10520 -1 10622 -1 10220 -1 11420 -1 10420 10820 10920 -1 11120 -1 10320 -1 10720 -1 -2
11121 -1 10621 -1 11320 -1 10620 10720 -1 10520 -1 10220 -1 11020 -1 11120 -1 -2
11120 -1 10620 10820 -1 10820 11122 -1 10520 -1 11420 -1 11122 -1 10120 -1 11021 11120 -1 -2
11121 -1 11120 -1 11122 11420 -1 11320 -1 10720 -1 11420 -1 11122 -1 10820 -1 11120 -1 11020 11420 -1 11420 -1 -2
10721 -1 10620 -1 10620 -1 10021 -1 11121 -1 -2
10020 -1 10621 10820 -1 10321 -1 11120 -1 11320 -1 11120 -1 -2
10320 -1 10720 -1 10720 -1 10220 -1 11320 -1 10320 -1 -2
10620 11120 -1 11020 -1 11122 -1 10322 -1 10520 10820 -1 10321 11420 -1 11420 -1 11120 -1 -2
11320 -1 11121 -1 11420 -1 10121 11120 -1 11120 -1 10220 -1 10020 -1 11121 -1 -2
10520 11320 -1 10120 -1 11320 -1 10420 -1 10820 11321 -1 11120 -1 11120 -1 10021 10820 -1 11122 -1 10420 11120 -1 10420 -1 10320 -1 -2
11120 -1 10420 -1 11120 -1 10520 -1 10620 -1 10420 -1 -2
10320 11420 -1 11420 -1 11022 -1 10720 -1 10020 -1 10321 10520 -1 10320 -1 10320 -1 10320 -1 10620 -1 -2
11120 -1 11120 -1 10620 -1 10820 -1 10420 -1 11120 -1 10220 11020 -1 11120 -1 -2
11421 -1 10420 -1 11122 -1 11120 -1 10620 -1 10620 -1 11120 -1 10220 -1 10621 -1 10720 -1 -2
10321 -1 10621 11120 -1 11120 -1 10920 -1 11121 -1 10320 10520 -1 11122 11120 -1 11421 -1 -2
10320 10621 -1 11320 -1 11421 -1 10721 -1 10920 -1 10721 11121 -1 11320 -1 10620 -1 10322 -1 -2
11421 -1 11421 -1 10020 -1 10520 11321 -1 11421 -1 11121 11420 -1 10320 -1 -2
10121 -1 10320 -1 11121 -1 10320 11420 -1 10320 11120 -1 10220 11120 -1 10320 -1 11122 -1 -2
10320 -1 10420 -1 10020 -1 10122 -1 10920 -1 10620 -1 11321 -1 -2
11420 -1 11320 -1 11120 -1 10520 11321 -1 10220 -1 11120 -1 -2
10920 11122 -1 10320 11020 -1 11421 -1 10920 -1 11120 -1 10920 -1 11122 -1 10720 -1 10020 -1 10320 -1 -2
10620 -1 10820 -1 11420 -1 11120 -1 10720 -1 10121 -1 11122 -1 10220 10620 -1 10320 -1 10622 -1 -2
10720 11120 -1 10720 -1 10720 -1 10021 -1 11120 -1 10320 -1 11120 -1 10320 -1 -2
10920 -1 11120 -1 10521 10920 11121 11320 -1 11121 -1 11120 -1 11121 -1 -2
10820 -1 11120 -1 10620 -1 11120 -1 11420 -1 10420 -1 11020 -1 10122 10520 -1 -2
10821 11420 -1 11320 -1 10620 -1 10320 -1 10120 10520 -1 10620 -1 10320 -1 10420 -1 10420 10520 -1 11121 -1 -2
10621 11120 -1 10120 -1 10620 11021 -1 11420 -1 10821 -1 10321 -1 11420 -1 10620 -1 10420 -1 -2
10620 -1 10620 -1 11121 -1 11121 -1 10620 -1 10820 -1 -2
11121 -1 11120 -1 10620 -1 10620 -1 10321 11121 -1 10620 10820 -1 -2
10620 -1 11121 -1 11120 -1 11120 -1 -2
11121 -1 10220 10820 11120 -1 11420 -1 10520 11121 -1 11120 -1 10820 11121 -1 11320 -1 11120 -1 11120 -1 -2
11120 -1 10620 -1 10820 -1 10620 11320 -1 10320 -1 11120 -1 10720 -1 -2
10520 -1 10720 -1 11320 -1 11420 -1 11120 -1 11120 -1 10321 11420 -1 11121 -1 11120 -1 10722 -1 11122 -1 11120 -1 11121 -1 -2
11121 -1 11421 -1 10020 -1 11320 -1 11420 -1 11121 -1 10420 -1 10721 -1 -2
10620 11121 -1 11120 -1 11121 -1 11120 -1 11420 -1 -2
10021 -1 10620 -1 10020 -1 11122 -1 10520 -1 10122 -1 10720 -1 11120 -1 11420 -1 -2
11122 -1 11120 -1 11120 -1 11120 -1 11120 -1 -2
10620 -1 11021 -1 11420 -1 10320 -1 10320 11120 -1 11120 -1 11421 -1 11320 -1 10920 -1 -2
11120 -1 10321 -1 11121 -1 10720 -1 10820 -1 10720 -1 10320 -1 10020 -1 -2
10620 -1 10520 -1 10320 -1 11121 -1 10720 -1 11121 -1 10820 -1 11321 -1 -2
10720 11021 -1 11020 -1 11120 -1 10620 -1 11120 -1 10020 10321 -1 11120 -1 11020 -1 10321 -1 11420 -1 10520 -1 10520 11121 -1 -2
11120 -1 11120 -1 10420 -1 10820 -1 11120 -1 11120 -1 11120 -1 10620 -1 10120 -1 11020 -1 11120 -1 11120 -1 11420 -1 11120 -1 11120 -1 11120 -1 10520 10820 -1 -2
10320 11121 11120 -1 11120 -1 11122 -1 11122 -1 11321 -1 10520 -1 11120 -1 10720 10821 -1 -2
11120 -1 10722 -1 11120 -1 10121 11420 -1 11122 -1 10420 11120 -1 10621 11120 -1 11120 -1 11120 -1 -2
11420 -1 10121 -1 10621 -1 -2
10220 -1 11121 -1 10520 -1 10322 -1 10120 -1 10620 11122 -1 -2
11120 -1 11122 -1 10321 11321 -1 10620 -1 10920 -1 10120 -1 10520 -1 -2
10720 -1 11320 -1 10820 10920 -1 10820 -1 10722 11120 -1 10820 -1 11120 -1 10621 11120 11122 -1 10820 -1 10321 -1 10920 -1 11020 -1 10920 -1 10820 -1 -2
10520 -1 10520 -1 10820 11120 -1 11321 -1 10720 -1 11420 -1 11120 -1 -2
11120 -1 10720 -1 10122 -1 10622 -1 10020 11120 -1 10620 -1 11120 -1 11122 -1 10320 -1 10620 -1 -2
11020 -1 11122 -1 10620 -1 11121 -1 10820 11020 -1 11120 -1 11020 -1 11120 -1 -2
11420 -1 10220 -1 10720 -1 11120 11421 -1 10621 11420 -1 10720 -1 10320 11121 -1 10420 11020 -1 10122 -1 -2
10620 -1 11120 -1 11120 -1 10320 -1 11420 -1 10720 -1 11320 -1 -2
10320 -1 10020 -1 11120 11320 -1 11420 -1 10920 -1 11122 -1 10120 -1 10320 11120 -1 11120 11122 -1 10721 -1 10620 -1 -2
11120 -1 10620 -1 10620 11120 -1 11121 -1 10520 -1 10520 -1 11420 -1 10220 -1 11020 -1 10021 10320 11120 -1 -2
10620 -1 10520 -1 11020 11420 -1 11120 -1 10622 -1 10520 -1 10220 -1 -2
10620 -1 11321 -1 10722 -1 11120 11220 11420 -1 11120 -1 10920 -1 10621 -1 10320 11020 -1 10620 -1 10720 -1 10720 -1 -2
10620 -1 11120 -1 10320 -1 10720 -1 11120 -1 -2
10721 -1 11122 -1 10020 -1 10420 -1 11120 -1 11122 -1 10020 -1 -2
10720 11021 -1 11122 -1 10620 -1 11120 -1 11121 -1 11120 -1 10520 -1 10120 11320 -1 11120 -1 10321 -1 -2
10720 -1 10320 10420 -1 10321 -1 11120 -1 10121 -1 10320 11121 -1 11120 -1 -2
10620 -1 10320 -1 10521 -1 10720 -1 10420 -1 10720 -1 -2
11120 -1 11420 -1 10620 -1 10420 11020 -1 10620 -1 11122 -1 10520 -1 11120 -1 -2
10621 -1 11120 -1 11120 -1 11121 -1 10620 -1 10720 -1 10120 10520 -1 10620 -1 -2
11420 -1 10620 -1 11120 -1 11120 -1 11120 -1 11122 -1 11420 -1 10020 10720 -1 11320 -1 10920 -1 -2
10620 -1 11120 -1 11321 -1 11120 -1 10021 -1 10721 11121 -1 11120 -1 10820 -1 10621 -1 10620 11120 -1 -2
10820 -1 11121 -1 11120 -1 11121 -1 11421 -1 10420 10621 -1 11120 11122 -1 11120 11321 -1 10620 -1 11120 -1 -2
11020 11120 -1 10021 -1 10921 -1 10720 11120 -1 11120 -1 10920 -1 11120 -1 -2
10420 -1 11120 -1 11120 -1 11321 -1 10620 -1 10321 -1 -2
10220 -1 10621 -1 11320 -1 10820 -1 10321 -1 10820 -1 11120 -1 11120 -1 11120 -1 -2
10020 10320 -1 11120 -1 10420 -1 10121 -1 11121 -1 -2
10220 -1 10820 -1 10320 -1 10520 -1 10320 10820 -1 11120 -1 10120 -1 -2
10220 -1 11420 -1 10420 11120 -1 10320 -1 11120 -1 11320 -1 11020 11121 -1 10722 -1 11120 -1 11122 -1 11120 -1 -2
10420 -1 10320 -1 11420 -1 10722 -1 10320 -1 11420 -1 -2
11122 -1 11121 -1 10120 -1 10620 -1 11122 -1 10720 -1 10720 -1 11320 -1 11121 -1 -2
11122 -1 11020 -1 10722 -1 10620 -1 10620 -1 10620 -1 10321 11120 -1 10020 10622 -1 11122 -1 10620 -1 -2
10220 -1 10820 11422 -1 11120 -1 10720 -1 10721 11120 -1 10620 11122 -1 10420 -1 10620 10720 -1 11122 -1 10920 -1 11120 -1 11020 -1 10720 -1 -2
10520 -1 11420 -1 10321 -1 10320 -1 10722 -1 11320 -1 10520 -1 -2
10420 11122 -1 10620 -1 11120 -1 10320 -1 10320 -1 11120 -1 11420 -1 10620 -1 -2
11122 -1 10820 -1 11120 -1 11121 -1 10520 -1 11120 -1 11420 -1 10220 10920 -1 -2
11120 -1 11120 -1 10620 -1 10520 -1 10620 -1 10320 -1 -2
10620 -1 10621 -1 11120 -1 10020 -1 10620 11121 -1 10720 -1 11120 -1 10620 -1 11120 -1 10620 -1 11120 -1 -2
10920 -1 11420 -1 10220 11320 -1 10720 -1 11121 11422 -1 10720 -1 11320 -1 -2
11120 -1 11120 -1 10621 10620 -1 10220 -1 10620 -1 11120 -1 11021 11420 -1 10020 11122 -1 10622 10620 10720 -1 10220 -1 -2
10320 -1 11120 -1 10820 -1 11121 -1 10520 -1 10721 -1 11422 -1 10520 -1 10620 -1 11120 -1 -2
10620 10622 -1 11120 -1 11120 -1 10520 -1 10220 11120 -1 10020 -1 10820 11121 -1 11120 -1 10720 11120 -1 10322 10722 11121 -1 -2
10620 11021 11120 -1 11421 -1 -2
10420 10622 -1 11121 -1 10722 -1 11120 -1 10420 -1 11120 -1 11120 -1 11120 -1 10920 11020 -1 11420 -1 -2
10320 11120 -1 11120 -1 10720 -1 10820 -1 11120 -1 11122 -1 11121 -1 10620 -1 11120 -1 -2
11120 -1 10720 -1 11120 -1 11420 -1 11121 -1 10920 -1 10121 11120 -1 10620 10722 -1 11120 -1 11120 -1 10620 -1 -2
11120 -1 11320 -1 10720 -1 10520 -1 10820 -1 10920 -1 -2
11120 11420 -1 11320 -1 10720 -1 10020 -1 11120 -1 11120 -1 10220 11122 -1 11120 -1 11420 -1 -2
11121 -1 10620 -1 10420 -1 11420 -1 10620 -1 11121 -1 -2
10320 -1 11020 -1 11120 -1 10220 11120 -1 11420 -1 11420 -1 11121 -1 11120 -1 10321 10920 -1 11120 -1 -2
11320 -1 10720 -1 11120 11321 -1 10420 -1 11121 -1 10620 10720 -1 10720 10920 11121 -1 11120 -1 11020 11120 -1 -2
11120 -1 10620 -1 11120 -1 11120 -1 11420 -1 10320 -1 11120 -1 11020 -1 11120 -1 10820 -1 -2
11320 -1 10720 -1 11120 -1 11120 -1 10721 -1 10320 -1 -2
10621 -1 10520 -1 11420 -1 10621 -1 11120 -1 10420 10721 -1 10420 11320 -1 11122 -1 11120 -1 -2
10520 -1 10820 -1 11022 -1 10620 -1 10420 -1 10520 -1 11321 -1 -2
11120 -1 10720 -1 10320 -1 10320 -1 10720 -1 11420 -1 10320 -1 10720 -1 -2
10821 -1 10520 -1 10220 -1 10120 -1 10620 -1 10821 11120 -1 11420 -1 -2
10821 -1 11120 -1 10320 -1 10720 -1 10520 -1 10120 -1 11121 -1 10722 -1 10820 -1 11120 -1 10720 11120 -1 10322 -1 -2
11420 -1 11120 -1 11122 -1 11420 -1 11121 -1 11120 -1 10420 10620 10720 -1 10720 11122 -1 -2
11420 -1 11420 -1 10720 -1 10420 -1 11120 -1 11020 -1 11020 -1 11120 -1 11020 -1 10320 -1 11020 -1 -2
10920 -1 11120 -1 11020 -1 10120 11120 -1 10120 -1 10720 -1 10720 -1 11420 -1 11120 -1 10620 -1 11420 -1 11020 -1 11420 -1 10121 -1 10121 10622 11020 -1 11120 -1 11121 -1 -2
10120 11020 -1 11120 -1 11320 -1 10620 -1 10320 -1 10620 -1 11320 -1 11120 -1 11020 -1 10621 -1 10520 11120 -1 -2
11320 -1 11421 -1 11120 11122 -1 10820 -1 10322 -1 10620 -1 11122 -1 11120 -1 10520 -1 11320 -1 11120 -1 -2
11120 11421 -1 11420 -1 -2
11020 -1 10420 -1 11020 -1 11120 -1 10321 11020 11120 -1 11020 -1 11122 -1 11420 -1 10321 -1 11120 -1 -2
11020 -1 10321 -1 10321 -1 10320 11121 -1 10020 -1 10020 -1 11420 -1 10220 -1 11020 -1 -2
10420 -1 11120 -1 11120 -1 11020 -1 11120 -1 11420 -1 -2
11121 -1 10220 11120 -1 11120 -1 11120 -1 10120 -1 10720 -1 10720 -1 11320 -1 11420 -1 10720 -1 -2
10622 -1 10420 -1 10721 -1 11120 -1 11421 -1 -2
10720 10821 -1 10720 -1 10220 -1 -2
11120 -1 10720 -1 10321 -1 11020 -1 10520 -1 10821 -1 11120 -1 10120 -1 10620 -1 -2
10720 -1 10220 -1 11120 -1 11121 -1 11120 -1 11321 -1 11120 -1 10720 -1 10120 -1 10620 11420 -1 10420 -1 11421 -1 11420 -1 -2
10320 11122 -1 10020 -1 11420 -1 10920 -1 10621 -1 11120 11420 -1 10622 -1 -2
11122 -1 11020 -1 10120 -1 11120 -1 10220 -1 10220 -1 11122 -1 11120 11122 -1 11320 -1 -2
10320 -1 11121 -1 10220 -1 11121 -1 11420 -1 10320 -1 10620 -1 10620 11120 -1 -2
10620 11320 -1 10820 -1 10020 -1 11120 -1 10720 -1 10320 -1 11120 -1 11020 -1 11020 -1 11120 -1 -2
10520 -1 11120 11121 -1 10220 -1 10220 -1 10520 -1 11020 11121 -1 11120 -1 10620 -1 11420 -1 10520 10620 10721 -1 11020 -1 -2
11120 -1 11122 -1 11420 -1 11122 -1 10821 -1 11420 -1 11020 -1 10721 -1 10620 -1 -2
10520 11020 11122 -1 11120 -1 10320 -1 11020 -1 11020 11120 -1 10620 -1 -2
11020 -1 11121 -1 10020 11020 -1 11121 -1 10320 10720 -1 -2
10720 -1 10321 -1 11120 -1 10622 -1 10321 -1 10620 -1 10321 -1 11020 -1 10322 -1 -2
11120 -1 11420 -1 10321 -1 10720 -1 11121 -1 10420 10720 -1 10320 -1 10520 -1 11120 -1 11121 -1 10320 -1 10220 -1 -2
10720 -1 10620 -1 10320 -1 11121 -1 10322 -1 10622 -1 11120 -1 10820 -1 10420 -1 -2
10620 -1 10420 11120 -1 10620 11021 -1 11420 -1 10720 -1 10621 -1 -2
11020 -1 10720 10820 -1 11122 -1 11320 -1 11020 11122 11320 -1 10620 -1 10621 11320 -1 -2
10320 -1 10820 -1 10120 11120 -1 11120 -1 10420 11420 -1 10620 10920 -1 10720 -1 -2
10620 -1 11420 -1 10320 -1 11420 -1 11020 -1 10320 10721 -1 10722 -1 10020 -1 10620 11420 -1 11420 -1 -2
10720 11120 -1 10420 -1 10320 11120 -1 11120 11321 -1 11120 -1 11020 -1 11120 -1 10020 10420 -1 11120 -1 -2
10820 -1 10320 11120 11122 -1 11120 -1 10320 -1 10521 -1 10920 -1 11320 -1 11122 -1 10320 -1 10820 -1 -2
11120 -1 10620 11121 -1 10721 -1 10820 -1 11120 -1 11420 -1 -2
11120 -1 10320 -1 11020 -1 11120 -1 11420 -1 10021 -1 11421 -1 10520 -1 -2
10520 11120 -1 10722 10720 -1 11120 -1 11120 -1 10321 11422 -1 11020 -1 10620 -1 11120 -1 10920 -1 11121 -1 10720 -1 10420 -1 11120 -1 10820 -1 11021 -1 11120 -1 -2
11120 -1 10520 -1 11120 -1 10620 -1 10620 11420 -1 11121 -1 10020 -1 10721 -1 10820 -1 11420 -1 -2
10420 10620 -1 11020 -1 11020 -1 11122 -1 11020 11120 -1 10121 -1 11020 -1 10120 11120 -1 11020 -1 11122 -1 10120 -1 11120 -1 -2
11120 -1 11120 -1 11122 -1 11120 -1 11020 -1 10720 -1 10121 10520 -1 10420 -1 -2
11120 -1 11421 -1 10321 -1 11120 11122 -1 10320 11120 -1 11120 -1 10620 11020 -1 11120 -1 10420 11421 -1 11121 -1 -2
10320 11120 -1 10620 10621 -1 10320 -1 11120 -1 10520 -1 10620 11020 -1 10720 -1 11120 -1 11020 -1 10520 -1 10921 -1 -2
10520 11320 -1 10520 -1 11122 -1 10620 -1 11020 11120 -1 10620 -1 11122 -1 10320 -1 -2
11420 -1 10620 -1 10320 -1 10021 -1 10620 -1 10321 -1 11020 -1 10920 -1 10320 -1 11020 -1 11020 -1 10120 -1 10720 10820 11020 -1 -2
11120 -1 10220 -1 10120 -1 11020 -1 11120 -1 10620 -1 10521 -1 10321 -1 11020 -1 -2
11120 -1 10321 -1 11420 -1 11120 -1 11122 -1 10620 11120 -1 10820 -1 10920 -1 11120 -1 10320 11120 -1 10520 -1 -2
10121 -1 11020 -1 10520 -1 11420 -1 10520 -1 10920 -1 10220 -1 10820 11120 -1 10620 11121 -1 -2
10420 -1 10621 -1 10420 -1 10720 -1 11120 -1 10722 -1 10320 -1 11122 -1 -2
10722 -1 10321 10820 -1 10820 -1 10720 11122 11120 -1 10720 -1 10721 -1 10720 -1 11120 -1 -2
10621 -1 10820 -1 11120 -1 11020 -1 10920 -1 10820 -1 11120 -1 10820 -1 10220 -1 11421 -1 10820 -1 10920 -1 10820 11121 -1 -2
11121 -1 10322 -1 11121 11120 -1 11320 11420 -1 10621 10720 -1 10420 -1 10020 -1 11320 -1 11120 -1 -2
11120 11320 -1 11320 -1 10322 -1 11420 -1 11120 -1 11121 -1 11120 -1 11120 -1 -2
10420 -1 11120 -1 10520 -1 11121 -1 10620 11120 -1 11121 -1 11320 -1 10620 -1 11420 -1 11121 -1 10920 11020 11120 -1 10722 -1 -2
11122 -1 10622 -1 10220 -1 11121 11120 -1 11120 -1 10320 -1 10720 -1 11120 -1 10621 -1 -2
11321 -1 10620 -1 11420 -1 10220 -1 10720 11120 -1 11120 -1 11120 -1 11120 -1 10621 11120 -1 -2
10320 -1 11420 -1 11420 -1 11120 -1 11120 -1 10620 -1 -2
10320 -1 10520 -1 11420 -1 10620 -1 -2
10621 -1 11120 -1 10620 -1 10920 -1 10720 -1 11020 -1 10320 -1 10320 -1 10720 -1 10620 -1 10721 -1 -2
11121 -1 11421 -1 11420 -1 11121 -1 11120 -1 11120 -1 -2
11420 -1 11120 -1 10220 -1 10720 -1 11420 -1 11120 -1 10620 -1 10220 -1 -2
11120 -1 10920 -1 10020 -1 11420 -1 10520 -1 11220 -1 10420 -1 10321 -1 10820 -1 11120 -1 -2
10420 -1 10620 -1 10020 -1 10820 11120 -1 10721 -1 10720 11020 11120 -1 10720 -1 10820 -1 11121 -1 10920 -1 -2
10622 11320 -1 11120 -1 11020 11121 -1 10821 -1 11020 11320 -1 10720 -1 11420 -1 10420 -1 -2
11320 -1 11120 -1 10020 -1 11021 -1 11020 -1 11120 -1 10820 -1 10622 -1 10622 -1 10721 -1 11120 -1 10220 11120 -1 10620 -1 11120 -1 10420 10621 -1 11020 -1 -2
11120 -1 11321 11420 -1 11120 -1 10621 -1 11122 -1 10320 -1 11321 -1 10820 -1 11120 -1 11120 -1 10620 -1 11122 -1 11020 -1 10320 -1 10321 -1 -2
10520 -1 11122 -1 11120 -1 10620 11120 -1 10420 -1 10920 11020 11120 -1 10722 -1 11120 -1 -2
10220 10820 -1 11020 -1 10722 -1 10621 -1 10420 -1 10120 -1 10320 11120 -1 11120 -1 10020 -1 -2
10320 -1 11120 -1 10220 -1 10720 -1 10820 -1 11120 -1 11120 -1 -2
10621 -1 10722 -1 11120 -1 10820 -1 10320 -1 10321 10820 11121 -1 11020 -1 10420 -1 10122 10920 -1 10620 10720 -1 -2
11122 -1 10820 -1 10320 -1 10320 -1 11020 -1 10320 -1 10620 -1 11020 -1 10620 -1 11121 -1 10922 11120 -1 10820 -1 10820 -1 -2
11120 -1 11120 -1 10320 -1 10620 -1 10820 -1 10520 -1 10320 10721 -1 11020 -1 10320 -1 11020 -1 -2
10420 11421 -1 10321 -1 11422 -1 10920 -1 10820 -1 11120 -1 10620 11021 -1 11420 -1 11120 -1 11020 -1 -2
10620 -1 11121 -1 10720 -1 11120 -1 11120 -1 10020 11122 -1 11120 -1 10720 -1 10120 -1 -2
10321 -1 10320 -1 10621 -1 11120 -1 10622 -1 10622 -1 10622 -1 10720 -1 10620 -1 10520 10720 11120 11121 -1 -2
11421 -1 11121 -1 10220 11122 -1 10120 -1 11120 -1 10020 -1 10520 -1 11120 -1 11120 -1 11120 -1 -2
10320 -1 11321 -1 10620 -1 10620 -1 10820 -1 -2
10621 -1 10020 -1 10420 -1 10620 11120 -1 -2
10220 -1 10420 -1 11120 -1 10122 -1 11120 -1 11120 -1 -2
10320 -1 11121 -1 10621 -1 11320 -1 10720 -1 11122 -1 10322 -1 10320 -1 -2
11121 -1 10122 -1 11020 -1 11320 -1 11321 -1 11020 -1 11320 -1 10920 -1 11121 -1 11120 -1 -2
10821 -1 11122 -1 10622 -1 10320 -1 10320 11121 -1 10320 -1 10320 -1 10620 -1 10720 -1 11122 -1 10420 -1 -2
10321 -1 11120 -1 11120 -1 10622 -1 10720 -1 10720 -1 11120 -1 10820 -1 10820 -1 11120 -1 11120 -1 10920 -1 11020 11122 -1 -2
11020 -1 10021 -1 10820 -1 11121 -1 10720 -1 10720 11121 -1 10620 -1 11420 -1 -2
11120 -1 11421 -1 11321 -1 11120 11420 -1 10320 -1 -2
10720 -1 11120 -1 10620 11120 -1 10321 -1 11120 -1 10720 -1 10520 -1 10620 -1 -2
10620 11120 -1 10320 -1 10320 10520 -1 11320 -1 11120 -1 11122 -1 10720 -1 10720 -1 11120 -1 10020 -1 11420 -1 11122 -1 10720 -1 -2
11120 -1 10720 -1 10920 -1 10620 -1 10720 -1 10720 11122 -1 10720 11020 -1 11120 11421 -1 -2
10622 -1 11120 -1 10322 -1 10321 11121 -1 11021 11120 -1 10520 -1 11120 -1 10520 -1 10720 11122 11120 -1 10720 -1 11320 -1 11120 -1 -2
10320 -1 11120 -1 10620 -1 10720 11120 -1 11120 -1 10721 11120 -1 -2
11122 -1 10320 -1 10020 -1 10420 -1 11421 -1 10821 -1 10420 -1 10620 -1 11420 -1 10322 -1 10720 -1 10720 -1 -2
11120 -1 10920 -1 10820 -1 10320 -1 10020 10321 -1 10621 -1 11121 -1 11120 -1 -2
11121 -1 11320 -1 10722 -1 11120 -1 11020 -1 10320 -1 10020 -1 10320 -1 10320 -1 -2
11122 -1 10320 -1 11120 11121 -1 10620 -1 11122 -1 11120 -1 -2
11120 11320 -1 11120 -1 10322 -1 11120 -1 10720 11120 -1 10620 -1 11121 -1 -2
10320 -1 10020 -1 10720 -1 10020 -1 11121 -1 10020 10520 -1 10020 -1 10320 11120 -1 11020 -1 10320 11121 -1 10620 -1 -2
11121 -1 11121 -1 11420 -1 10321 -1 10320 -1 10720 10920 -1 -2
10720 11120 -1 10920 -1 10122 -1 10322 -1 10322 -1 11420 -1 10720 -1 10321 10320 -1 10920 -1 10720 -1 10720 -1 -2
11021 -1 10720 -1 11320 -1 11121 -1 11121 -1 10720 -1 11122 -1 -2
10720 -1 11020 11120 -1 10220 -1 11120 -1 11120 11421 -1 10520 -1 11320 -1 11320 -1 10722 -1 -2
10620 -1 11121 -1 10621 -1 10920 -1 10620 -1 11120 11420 -1 10620 -1 10720 -1 11020 -1 -2
10020 -1 11120 -1 11421 -1 10720 -1 10020 10620 -1 11120 -1 10620 -1 -2
10622 -1 11120 -1 10122 -1 11420 -1 10520 -1 10620 -1 10520 -1 11421 -1 10820 -1 10520 -1 10320 -1 -2
10320 -1 10020 -1 10720 -1 11120 -1 10322 -1 11121 -1 11120 -1 11121 -1 10621 -1 10620 -1 -2
10020 -1 10520 11120 -1 10620 -1 11121 -1 11020 -1 11120 -1 -2
10420 -1 11020 -1 11320 -1 10320 -1 10721 -1 11421 -1 -2
10720 -1 10621 -1 10322 -1 10720 -1 10720 -1 11120 -1 -2
11120 -1 11421 -1 10720 -1 10722 -1 10620 -1 -2
11121 -1 11120 -1 10620 11321 -1 10720 10721 -1 10720 -1 10722 -1 10020 -1 11120 -1 11122 -1 11121 -1 -2
11121 -1 10122 -1 10720 -1 10320 -1 10720 -1 11121 -1 10722 -1 10820 -1 11120 -1 -2
11020 -1 10920 11121 11420 -1 10920 -1 11420 -1 11020 -1 11121 -1 11020 -1 11120 11122 -1 -2
10320 -1 11120 -1 10320 -1 11120 -1 10220 -1 10320 11121 -1 11120 -1 -2
10621 11122 11420 -1 11420 -1 11120 -1 10220 -1 10020 -1 11122 -1 10621 -1 10520 -1 10520 10722 -1 11420 -1 -2
11420 -1 10420 -1 10520 -1 10622 -1 11320 -1 10320 -1 11320 -1 11120 -1 10722 -1 10220 -1 -2
10121 10420 -1 11121 -1 10920 11420 -1 11120 -1 10020 -1 10320 -1 10720 -1 11120 -1 10320 -1 10320 10820 -1 10420 11120 -1 -2
10720 -1 10122 10620 -1 11122 -1 10320 -1 10620 11020 -1 -2
10720 -1 10120 -1 11121 -1 -2
11120 -1 11020 -1 -2
10321 -1 11120 -1 10920 -1 11121 -1 11120 -1 11320 -1 11420 -1 10521 -1 -2
10821 11420 -1 11122 -1 10020 -1 10320 11120 -1 10721 -1 10320 11420 -1 11020 -1 11122 -1 -2
11420 -1 11120 -1 11420 -1 10320 11421 -1 10220 -1 11120 -1 10020 11120 -1 10520 -1 11120 -1 -2
11121 -1 10721 11122 -1 10820 -1 10420 -1 11120 -1 10020 -1 10020 -1 10420 -1 11420 -1 10120 -1 10120 10620 -1 11020 -1 11020 -1 10920 -1 -2
10020 -1 11020 -1 11120 -1 11120 -1 -2
10120 11120 -1 10122 -1 11120 -1 11120 -1 11120 -1 11020 -1 11420 -1 11121 -1 10720 -1 10620 -1 10520 -1 11121 11320 -1 10720 -1 11122 -1 10520 -1 -2
11420 -1 10021 11120 -1 10820 11120 -1 10620 -1 10720 -1 10320 -1 10020 10321 -1 -2
11120 -1 10020 10420 -1 10620 -1 10121 -1 10321 -1 -2
10521 11120 -1 11120 -1 10820 -1 10020 -1 10420 -1 10720 -1 11420 -1 -2
11120 -1 10420 11122 -1 11120 -1 10220 -1 11120 -1 11120 -1 11120 -1 10220 -1 10620 -1 10720 -1 -2
10620 -1 10622 -1 10621 11420 -1 11420 -1 11420 -1 10821 -1 10620 -1 -2
10620 -1 11122 -1 -2
