311 -1 310 -1 -2
307 -1 -2
307 -1 -2
310 -1 306 -1 -2
310 -1 310 -1 309 -1 -2
314 -1 302 -1 311 -1 -2
309 -1 310 -1 -2
305 -1 310 -1 -2
307 -1 308 -1 -2
306 -1 311 -1 311 -1 -2
306 -1 -2
307 -1 310 -1 311 -1 307 -1 -2
310 -1 303 -1 314 -1 -2
309 -1 306 -1 310 -1 305 -1 -2
311 -1 311 -1 -2
310 311 -1 307 -1 311 -1 -2
305 -1 -2
309 -1 310 -1 305 -1 303 -1 306 -1 310 -1 -2
307 -1 305 -1 309 -1 311 -1 -2
306 -1 310 -1 -2
302 -1 314 -1 307 -1 -2
307 -1 -2
302 -1 306 311 -1 307 -1 310 -1 306 -1 311 -1 -2
306 -1 308 -1 -2
307 -1 307 -1 -2
302 -1 306 -1 302 -1 307 -1 310 -1 310 -1 -2
309 -1 311 -1 306 -1 314 -1 -2
305 -1 311 -1 306 -1 -2
302 -1 311 -1 309 -1 -2
308 -1 307 -1 307 -1 -2
307 -1 310 -1 306 -1 -2
303 -1 310 -1 314 -1 -2
314 -1 307 -1 -2
305 -1 307 -1 -2
307 -1 307 -1 310 -1 -2
310 -1 310 -1 308 -1 -2
305 -1 314 306 -1 -2
311 -1 -2
307 -1 -2
311 -1 308 -1 306 -1 308 -1 -2
307 -1 314 -1 305 -1 -2
310 -1 306 -1 305 -1 314 -1 -2
310 -1 311 -1 305 -1 307 -1 310 -1 309 307 -1 -2
306 -1 -2
314 -1 311 -1 -2
307 -1 307 -1 -2
308 307 -1 307 -1 -2
314 -1 314 -1 -2
307 -1 311 -1 307 -1 311 -1 306 -1 -2
301 -1 307 -1 305 -1 306 -1 -2
310 -1 307 -1 310 -1 -2
310 -1 311 -1 305 -1 314 -1 -2
307 -1 305 -1 -2
307 -1 310 -1 -2
310 -1 305 -1 -2
302 -1 314 -1 307 -1 314 -1 305 -1 307 -1 307 -1 -2
314 -1 305 -1 307 -1 -2
306 -1 307 -1 309 -1 -2
303 -1 302 -1 306 -1 303 -1 -2
303 -1 200 -1 -2
200 -1 306 -1 -2
307 -1 303 -1 307 -1 -2
309 -1 303 -1 307 -1 307 -1 -2
309 -1 10020 -1 310 -1 -2
305 -1 307 -1 -2
310 -1 303 -1 314 -1 -2
314 -1 310 -1 310 -1 -2
307 -1 308 -1 200 -1 -2
311 -1 311 -1 10000 -1 10000 -1 307 -1 10000 -1 10000 -1 -2
308 -1 307 -1 -2
310 -1 307 -1 307 -1 -2
306 -1 305 -1 303 310 -1 302 -1 311 -1 310 -1 307 -1 314 -1 -2
305 -1 10000 -1 -2
308 -1 310 -1 307 -1 -2
310 -1 310 -1 307 -1 -2
308 -1 200 -1 200 -1 -2
307 -1 314 -1 200 -1 -2
302 -1 -2
310 -1 200 -1 311 -1 303 -1 306 -1 -2
310 -1 200 -1 -2
311 -1 308 -1 311 -1 -2
302 -1 200 -1 -2
306 -1 -2
303 -1 307 -1 307 -1 308 -1 -2
10010 -1 -2
307 -1 200 -1 311 -1 310 -1 -2
10000 -1 314 -1 -2
310 -1 311 -1 -2
310 -1 308 -1 307 300 -1 302 -1 200 -1 200 -1 -2
307 -1 -2
314 -1 309 -1 305 -1 311 -1 311 -1 314 -1 -2
303 -1 200 -1 310 -1 -2
306 -1 200 -1 306 -1 -2
200 -1 310 -1 -2
307 -1 306 -1 -2
200 -1 305 -1 -2
311 -1 305 -1 200 -1 -2
302 -1 308 -1 -2
200 -1 311 -1 305 -1 -2
300 -1 310 -1 -2
307 -1 307 -1 -2
307 -1 305 -1 308 -1 311 -1 -2
305 -1 311 200 -1 200 -1 -2
300 -1 310 -1 200 -1 307 -1 -2
310 -1 -2
314 -1 306 -1 310 -1 -2
310 -1 311 -1 311 -1 307 -1 -2
10000 -1 311 -1 -2
302 -1 -2
307 -1 314 -1 308 -1 -2
307 309 -1 200 -1 -2
10000 -1 200 -1 -2
307 -1 311 -1 200 -1 -2
307 -1 307 -1 -2
200 -1 -2
311 -1 307 -1 1001 -1 -2
311 -1 311 -1 305 -1 10010 -1 308 -1 -2
307 -1 200 -1 307 -1 310 307 -1 -2
314 -1 309 -1 307 -1 307 -1 -2
311 -1 307 -1 307 -1 -2
307 -1 -2
306 -1 307 -1 310 -1 307 -1 -2
314 -1 310 -1 307 -1 309 -1 311 -1 307 -1 -2
200 -1 311 -1 311 -1 308 -1 -2
308 -1 205 -1 305 -1 205 -1 205 -1 -2
311 -1 307 -1 314 -1 307 -1 -2
307 -1 -2
311 -1 303 -1 -2
305 -1 310 -1 1000 -1 -2
200 -1 303 -1 305 -1 305 -1 -2
310 -1 311 -1 306 -1 -2
307 -1 311 303 -1 311 -1 -2
314 -1 307 -1 311 -1 -2
307 -1 314 -1 305 -1 305 -1 311 -1 -2
311 -1 311 -1 -2
303 -1 307 -1 314 -1 311 -1 -2
307 -1 314 -1 205 -1 314 -1 -2
11120 -1 310 -1 10321 -1 10320 -1 311 -1 212 -1 311 -1 -2
207 -1 205 -1 207 11410 -1 305 -1 -2
207 -1 -2
307 -1 306 -1 11020 -1 305 -1 -2
205 -1 205 -1 205 -1 -2
10510 -1 10620 -1 -2
207 -1 307 -1 11121 -1 303 -1 -2
10010 -1 -2
10500 -1 311 -1 311 -1 -2
10120 -1 307 -1 10420 -1 207 -1 -2
205 -1 205 -1 207 -1 207 -1 211 -1 205 -1 -2
205 -1 205 -1 205 -1 11120 -1 205 -1 -2
11122 -1 11420 -1 -2
11210 -1 207 -1 314 -1 10500 -1 -2
211 -1 311 -1 306 -1 -2
311 -1 10510 310 -1 11421 -1 314 -1 307 -1 311 -1 -2
307 -1 -2
305 -1 309 -1 -2
11421 305 -1 310 -1 304 -1 -2
10620 -1 10920 -1 306 -1 10720 -1 10120 -1 -2
310 -1 211 -1 -2
10900 -1 314 -1 306 -1 -2
11120 -1 308 -1 10621 -1 -2
11021 -1 211 -1 -2
311 -1 310 -1 -2
11310 -1 307 -1 310 -1 311 -1 10510 -1 -2
303 -1 10420 -1 11321 -1 10621 -1 -2
310 -1 10220 -1 -2
303 -1 310 -1 -2
308 -1 307 -1 310 -1 10720 -1 200 -1 10500 -1 -2
207 -1 11120 -1 207 -1 309 -1 -2
207 -1 11120 214 -1 207 -1 214 -1 214 -1 -2
11110 -1 308 -1 -2
10310 -1 206 -1 -2
10710 -1 305 -1 -2
205 -1 205 -1 10501 -1 10420 -1 -2
10000 -1 10620 -1 311 -1 206 -1 11112 -1 10500 -1 301 -1 -2
314 -1 11120 -1 11122 -1 -2
11421 -1 209 -1 305 -1 207 -1 -2
10010 -1 305 -1 -2
314 -1 -2
11112 -1 10920 -1 311 -1 -2
10500 -1 10510 -1 10500 -1 -2
314 -1 10920 -1 214 -1 307 -1 306 -1 -2
209 -1 -2
208 -1 214 -1 -2
10510 -1 311 -1 204 -1 -2
306 -1 304 -1 311 -1 10820 -1 -2
10621 -1 303 -1 311 -1 10320 -1 -2
10720 -1 10500 -1 306 -1 -2
10910 -1 10000 -1 206 -1 205 -1 11420 -1 -2
10720 -1 314 -1 200 -1 10000 -1 -2
311 -1 -2
205 -1 10500 -1 205 -1 -2
205 -1 211 10310 -1 205 10000 -1 211 -1 214 -1 205 -1 -2
211 -1 205 -1 11110 -1 -2
11420 -1 314 -1 205 -1 -2
303 -1 205 -1 -2
207 -1 207 -1 -2
205 -1 10500 -1 200 -1 -2
207 -1 200 -1 10500 -1 -2
10820 -1 10000 -1 11320 -1 10220 10500 -1 314 -1 -2
307 -1 10500 -1 200 -1 213 -1 310 -1 -2
10500 -1 302 -1 206 207 -1 -2
10700 -1 200 -1 10000 -1 207 -1 309 -1 10710 -1 -2
311 -1 -2
10721 -1 311 -1 11420 -1 306 -1 10311 -1 -2
213 -1 207 -1 10820 -1 307 -1 -2
11200 -1 11122 -1 311 -1 11420 -1 10920 -1 311 -1 -2
311 -1 314 -1 10520 -1 -2
10901 -1 306 -1 314 -1 -2
211 -1 211 -1 -2
307 -1 305 -1 -2
10000 -1 10320 -1 -2
10520 -1 308 -1 10500 214 -1 305 -1 -2
10500 -1 213 -1 -2
305 -1 311 -1 -2
309 -1 205 -1 205 -1 11311 -1 11320 -1 -2
10711 311 -1 309 -1 11420 -1 -2
213 -1 311 -1 314 -1 207 -1 -2
10900 -1 207 -1 303 -1 305 -1 -2
211 200 -1 200 -1 200 -1 206 -1 -2
205 -1 205 -1 -2
208 -1 10010 11120 -1 -2
314 -1 10720 -1 211 -1 207 -1 -2
307 -1 307 -1 -2
10720 311 -1 11121 -1 -2
214 -1 208 -1 -2
206 -1 10820 311 -1 -2
10320 -1 305 -1 -2
10000 -1 -2
10010 -1 311 -1 302 -1 307 -1 305 -1 314 -1 302 -1 -2
211 -1 314 -1 11122 -1 -2
206 -1 314 -1 305 -1 -2
10500 -1 308 -1 -2
10621 -1 10321 -1 -2
306 -1 203 -1 306 -1 -2
10620 -1 10721 -1 311 11122 -1 305 -1 11122 -1 308 -1 -2
207 -1 10000 -1 213 -1 10620 -1 10020 -1 -2
209 -1 11420 -1 -2
310 -1 307 -1 200 -1 10900 -1 301 -1 311 -1 -2
311 -1 308 -1 -2
205 -1 303 -1 10621 -1 314 -1 209 -1 -2
10320 -1 10421 -1 311 -1 309 -1 -2
11120 -1 11420 -1 11110 -1 -2
200 -1 200 -1 -2
307 -1 10220 -1 214 -1 -2
200 -1 304 -1 310 -1 309 -1 -2
212 -1 10500 -1 306 -1 11420 -1 209 -1 212 -1 -2
307 -1 212 -1 200 -1 212 -1 -2
212 -1 213 -1 200 -1 200 -1 206 -1 -2
206 -1 209 -1 200 -1 209 -1 309 -1 209 -1 -2
209 -1 10620 -1 305 -1 10620 -1 200 306 -1 -2
10500 -1 10810 -1 10900 -1 -2
10010 -1 311 -1 211 -1 200 -1 -2
10000 -1 304 -1 10210 -1 -2
10500 -1 209 -1 207 -1 314 -1 10821 306 -1 209 -1 11120 -1 -2
306 -1 10820 -1 10500 -1 -2
11420 -1 307 -1 209 -1 -2
211 -1 10500 -1 -2
10620 -1 10720 -1 207 -1 -2
200 -1 10620 -1 309 -1 -2
11310 -1 209 -1 -2
10500 -1 10220 -1 209 -1 314 -1 10500 -1 -2
10710 -1 304 -1 -2
300 -1 311 -1 10500 -1 311 -1 -2
11120 -1 306 -1 -2
207 -1 11120 -1 -2
314 -1 10320 -1 307 -1 305 -1 10621 -1 10621 -1 -2
11120 -1 211 -1 200 -1 302 -1 213 -1 -2
209 -1 304 -1 -2
213 -1 10900 -1 209 -1 309 -1 10722 -1 -2
307 -1 209 -1 200 -1 10000 -1 10020 -1 -2
207 -1 11121 -1 10321 -1 11120 -1 -2
206 -1 11120 -1 209 -1 -2
10620 -1 11120 -1 -2
10900 10000 -1 303 -1 304 -1 -2
311 11122 -1 202 -1 -2
210 -1 310 -1 311 -1 10720 -1 309 -1 10721 -1 311 -1 -2
301 -1 10900 -1 10510 -1 10920 -1 -2
210 -1 11110 -1 309 -1 311 -1 -2
308 -1 10000 -1 11011 -1 -2
11121 -1 310 -1 -2
200 -1 10712 -1 303 -1 304 -1 10720 -1 -2
306 -1 203 -1 203 -1 309 -1 205 -1 306 -1 -2
211 -1 10620 -1 11122 -1 307 -1 -2
10820 -1 -2
213 -1 11120 -1 -2
10120 -1 314 -1 -2
10500 -1 306 -1 -2
11112 -1 10610 -1 314 -1 -2
311 -1 311 -1 209 -1 10620 -1 209 -1 11111 -1 -2
11110 -1 10321 -1 -2
208 -1 208 -1 209 -1 307 -1 305 -1 10120 -1 -2
10120 -1 305 -1 10110 -1 205 -1 -2
205 -1 306 -1 311 -1 10511 -1 11100 -1 310 311 -1 -2
200 -1 200 -1 209 -1 213 -1 11120 -1 200 10310 -1 305 -1 -2
10000 -1 206 -1 307 -1 -2
303 -1 211 -1 309 -1 -2
10510 -1 311 -1 208 -1 307 -1 10000 -1 -2
211 -1 -2
10320 -1 10320 -1 305 -1 10000 -1 11121 -1 10900 -1 10920 -1 -2
306 -1 11400 -1 -2
300 -1 11120 -1 10000 -1 10820 -1 301 -1 11410 -1 10900 -1 11320 -1 -2
11010 -1 10110 -1 -2
10520 -1 314 303 -1 205 200 -1 -2
200 -1 303 -1 205 -1 10121 -1 -2
306 -1 308 -1 -2
10621 -1 205 -1 10500 -1 -2
10000 -1 11120 -1 -2
214 -1 308 -1 314 -1 10320 -1 11320 -1 -2
10910 -1 11122 -1 -2
11410 -1 314 -1 209 -1 -2
303 -1 11120 -1 307 -1 311 -1 -2
10510 -1 314 -1 -2
10000 -1 10720 -1 11320 -1 -2
206 -1 314 -1 10500 -1 209 -1 11300 -1 307 -1 -2
209 -1 309 -1 311 -1 -2
10501 -1 307 -1 -2
11120 -1 -2
213 -1 209 -1 10620 -1 207 -1 -2
10501 -1 209 -1 10621 -1 312 -1 206 305 -1 10621 -1 -2
314 -1 311 -1 200 -1 11021 -1 306 -1 10710 -1 305 -1 10720 -1 303 -1 -2
10900 -1 305 -1 10120 -1 314 -1 -2
201 -1 10911 -1 314 -1 206 -1 306 -1 -2
303 -1 213 -1 -2
10121 -1 208 -1 -2
10711 -1 10920 -1 312 -1 208 10000 -1 -2
310 -1 -2
309 -1 11122 -1 10900 -1 -2
306 -1 307 -1 10000 -1 -2
11420 -1 213 -1 311 -1 306 -1 306 -1 10311 -1 -2
208 -1 302 -1 -2
11021 -1 -2
200 -1 309 -1 10500 -1 -2
11310 -1 11320 -1 207 -1 10311 209 10010 -1 207 -1 10620 -1 -2
306 -1 10310 -1 11310 -1 214 -1 -2
10900 -1 11120 10900 -1 10321 -1 200 -1 213 -1 200 308 -1 200 -1 -2
10310 -1 203 -1 203 -1 11400 -1 -2
200 -1 10920 -1 200 -1 -2
200 209 -1 200 -1 207 -1 200 -1 303 -1 11120 200 -1 -2
11401 -1 11121 -1 213 -1 11310 11121 -1 -2
201 10910 -1 10500 -1 11120 -1 307 -1 10900 -1 10900 -1 -2
314 -1 10000 -1 10820 -1 10000 214 -1 10900 -1 -2
10301 -1 209 -1 10900 -1 -2
11400 -1 206 -1 305 -1 -2
11400 -1 214 -1 11400 -1 10621 -1 -2
11112 -1 300 -1 303 -1 11400 -1 309 -1 10300 -1 10722 -1 10220 -1 -2
10900 -1 11112 -1 11120 -1 -2
209 -1 10620 -1 200 -1 -2
11400 -1 10000 -1 207 -1 -2
10000 -1 201 -1 -2
306 -1 200 -1 10500 -1 -2
200 -1 11410 -1 211 -1 -2
211 -1 10301 311 -1 305 -1 209 -1 -2
209 -1 209 -1 209 -1 10620 -1 200 -1 -2
10010 -1 10610 -1 10620 -1 -2
11122 -1 10020 -1 -2
11421 -1 -2
10900 -1 200 -1 209 -1 209 -1 206 -1 306 -1 -2
210 -1 11400 -1 203 -1 10220 -1 -2
211 -1 303 -1 10900 -1 306 -1 -2
10321 -1 10720 -1 209 -1 -2
200 -1 203 -1 311 -1 207 -1 207 -1 10620 -1 207 -1 -2
207 -1 209 -1 10821 -1 -2
200 -1 10500 -1 207 -1 -2
10000 -1 311 -1 311 -1 11120 -1 10300 -1 10120 11011 -1 -2
310 -1 10720 -1 206 -1 305 -1 206 -1 -2
206 -1 209 -1 209 -1 211 -1 209 -1 209 -1 314 -1 -2
213 -1 209 -1 311 -1 -2
203 -1 211 -1 211 -1 -2
303 -1 11320 -1 214 -1 10720 -1 208 -1 -2
11121 -1 305 -1 10711 -1 -2
207 -1 209 -1 207 -1 207 -1 10601 -1 -2
205 -1 307 -1 -2
10500 -1 11410 -1 10300 -1 11121 -1 206 -1 -2
206 -1 200 10610 -1 11411 -1 300 -1 11400 -1 205 -1 209 -1 -2
205 -1 10620 -1 11310 -1 10610 -1 -2
211 -1 206 -1 10310 -1 10410 -1 11121 -1 -2
10711 -1 10800 11300 -1 205 -1 205 -1 -2
205 -1 206 -1 10710 310 -1 10710 -1 205 -1 11410 -1 -2
209 -1 11120 -1 200 -1 10900 205 -1 310 -1 208 -1 11400 10000 -1 11112 -1 305 -1 -2
303 -1 206 -1 305 -1 311 -1 206 -1 10900 -1 209 -1 10620 -1 -2
10000 -1 10720 206 -1 206 -1 10111 -1 206 -1 203 -1 -2
10501 -1 11410 -1 -2
10720 -1 310 -1 -2
11401 10120 -1 213 -1 -2
10300 -1 10820 -1 211 -1 11300 -1 11110 -1 305 -1 -2
11320 -1 10500 -1 11310 -1 11112 -1 10900 -1 10300 -1 -2
10111 -1 11420 -1 205 -1 10501 -1 209 -1 -2
200 -1 10820 -1 207 -1 209 -1 209 -1 207 -1 -2
207 -1 205 -1 207 -1 314 -1 305 -1 -2
10300 -1 303 -1 -2
11411 -1 10702 -1 -2
307 10310 -1 10301 -1 11400 310 -1 -2
10900 -1 -2
200 -1 10602 -1 307 -1 -2
310 -1 306 -1 203 10910 -1 206 -1 307 -1 -2
203 -1 203 -1 10711 -1 10010 -1 311 -1 314 -1 314 -1 -2
11320 -1 309 -1 -2
10620 -1 10310 -1 206 -1 303 -1 -2
10310 -1 10720 -1 10610 -1 10300 10620 -1 11110 -1 309 306 -1 -2
10220 -1 11410 -1 -2
11111 -1 10311 -1 -2
306 -1 310 -1 10910 -1 11120 -1 -2
10500 -1 314 -1 10320 -1 200 -1 10000 -1 -2
314 -1 10700 -1 -2
308 -1 203 -1 308 -1 200 -1 314 -1 -2
209 -1 10820 -1 -2
10611 208 -1 10911 -1 307 -1 -2
11120 -1 200 -1 200 10000 -1 -2
10710 -1 209 -1 11121 -1 314 -1 11320 -1 -2
11320 -1 11400 -1 314 10820 -1 -2
10110 -1 201 -1 -2
10310 -1 10920 -1 309 -1 210 -1 210 -1 -2
311 -1 206 -1 11310 -1 207 307 -1 307 -1 -2
209 -1 209 -1 307 -1 213 -1 209 -1 -2
303 -1 10311 -1 10301 -1 11400 -1 207 -1 10710 -1 -2
307 -1 311 -1 206 -1 -2
206 -1 10000 -1 206 -1 206 -1 211 -1 210 -1 206 -1 -2
211 -1 10301 -1 10500 -1 10900 -1 -2
10900 -1 -2
213 -1 10900 11020 -1 10900 -1 -2
10410 -1 11100 -1 10100 -1 11300 -1 -2
302 -1 203 -1 10900 310 -1 314 -1 -2
10711 -1 -2
11400 -1 209 -1 211 -1 -2
10220 -1 211 -1 203 -1 10010 -1 309 -1 213 -1 -2
209 -1 10720 -1 200 -1 -2
211 -1 311 -1 10310 -1 -2
10311 -1 10900 -1 311 -1 10500 -1 211 -1 -2
10010 -1 11100 -1 214 11410 -1 11410 -1 10900 -1 10900 -1 -2
203 -1 309 -1 203 -1 10300 -1 10820 -1 -2
314 -1 10000 -1 10001 -1 -2
11400 -1 309 -1 10801 -1 11320 -1 306 -1 11120 -1 -2
206 -1 11122 -1 10000 -1 307 -1 -2
11121 -1 11120 -1 -2
11310 -1 311 -1 314 -1 314 -1 -2
10011 -1 10000 -1 303 -1 -2
10900 -1 10500 -1 11020 -1 209 10900 -1 -2
211 -1 10900 -1 311 -1 -2
206 -1 308 314 -1 10800 -1 10420 -1 205 -1 208 -1 10620 -1 205 -1 205 -1 -2
205 -1 205 -1 10622 -1 10711 310 -1 205 -1 209 -1 213 -1 10900 -1 -2
200 -1 -2
10000 -1 10900 213 -1 -2
306 -1 205 -1 10310 -1 209 -1 10510 209 -1 -2
303 -1 10810 -1 10900 -1 10710 -1 -2
10510 -1 10800 -1 10000 -1 10310 -1 209 -1 303 -1 207 -1 203 -1 306 -1 300 -1 -2
203 -1 203 -1 203 -1 203 -1 10010 -1 203 -1 10900 -1 -2
11021 -1 10620 -1 203 -1 -2
203 -1 209 -1 200 -1 209 -1 211 -1 -2
10900 -1 10621 -1 10900 -1 207 -1 -2
213 209 -1 213 -1 11400 -1 11120 -1 -2
209 -1 205 -1 -2
10500 -1 10500 -1 211 200 -1 -2
211 -1 211 -1 10611 -1 10510 -1 206 -1 10500 -1 305 -1 -2
209 -1 213 -1 211 -1 209 -1 10000 -1 207 -1 311 -1 -2
209 -1 10900 -1 311 301 -1 11411 -1 11020 -1 11310 -1 -2
11411 -1 11420 -1 -2
10622 -1 11100 -1 10010 -1 310 -1 11120 -1 10500 -1 10900 -1 -2
307 -1 10110 -1 200 -1 209 -1 -2
203 -1 207 -1 11410 -1 309 -1 10320 -1 -2
307 -1 200 -1 212 -1 209 -1 -2
209 -1 10301 -1 309 -1 211 -1 206 -1 -2
10122 -1 10710 -1 214 -1 211 -1 209 -1 314 -1 209 -1 -2
10601 -1 206 -1 210 206 210 -1 210 -1 210 -1 214 -1 210 -1 10900 -1 210 11110 -1 210 -1 209 -1 -2
11410 -1 11000 210 -1 201 -1 210 307 -1 210 -1 311 306 -1 210 -1 -2
11421 -1 11010 -1 11110 -1 11010 -1 -2
305 -1 206 11400 -1 210 -1 10710 -1 311 -1 11000 210 -1 210 -1 210 -1 210 -1 210 -1 10900 -1 -2
214 -1 210 -1 210 -1 206 -1 210 -1 206 -1 210 -1 -2
209 -1 205 -1 10900 -1 10900 -1 -2
10320 -1 205 10320 -1 200 -1 11112 -1 11401 -1 301 -1 -2
207 -1 11112 -1 -2
10620 -1 11120 -1 -2
305 -1 10900 -1 211 -1 213 -1 10910 -1 201 -1 208 -1 211 -1 303 -1 -2
209 213 -1 209 -1 213 -1 311 -1 207 -1 209 -1 209 -1 207 -1 11122 -1 -2
10900 -1 10900 -1 10121 -1 11400 -1 -2
10900 -1 10900 -1 11120 -1 11400 -1 306 -1 10620 -1 -2
11410 -1 10301 -1 -2
10610 -1 11111 -1 -2
205 310 -1 214 -1 210 -1 11110 -1 302 -1 311 -1 301 -1 307 -1 10510 -1 -2
211 -1 209 -1 211 -1 209 -1 213 -1 209 -1 11301 -1 303 -1 209 -1 205 -1 203 -1 -2
203 -1 11121 10900 211 -1 211 10910 -1 211 -1 11020 -1 11110 -1 10711 -1 -2
11121 -1 306 -1 303 -1 205 -1 205 -1 -2
205 -1 209 -1 211 -1 210 -1 10520 -1 210 -1 210 302 -1 210 -1 -2
311 -1 311 -1 214 -1 307 -1 -2
10900 -1 11401 -1 10920 -1 -2
10710 11110 -1 207 -1 208 -1 11110 -1 -2
206 -1 207 211 -1 10020 -1 211 -1 207 -1 207 -1 -2
212 -1 209 -1 207 -1 10301 -1 10300 -1 314 -1 10900 10910 -1 11300 -1 -2
10010 -1 10300 -1 209 -1 207 213 -1 -2
206 -1 210 -1 11400 -1 10301 -1 -2
10620 -1 11122 -1 10610 -1 11420 -1 209 -1 11300 209 -1 309 -1 -2
213 -1 206 -1 209 -1 211 -1 211 -1 211 209 10500 -1 209 -1 211 10710 -1 209 -1 209 -1 11100 -1 -2
11110 -1 10301 209 -1 209 -1 10901 -1 -2
10900 -1 209 -1 -2
10110 -1 201 200 -1 10000 -1 209 -1 209 -1 10610 -1 209 -1 306 -1 213 -1 -2
209 -1 10900 -1 10301 -1 205 -1 209 11320 -1 11121 -1 -2
305 203 -1 204 -1 11100 -1 211 -1 310 -1 -2
210 -1 210 -1 10301 -1 311 -1 10900 -1 211 -1 310 -1 205 -1 10900 -1 -2
10310 -1 10901 -1 10500 -1 209 -1 -2
203 -1 11110 -1 301 -1 11112 -1 10010 -1 10112 -1 -2
205 -1 200 -1 205 -1 214 10500 -1 10900 -1 -2
11401 -1 11320 -1 11400 -1 10610 -1 11120 -1 -2
209 -1 200 -1 207 -1 209 -1 209 200 -1 11000 -1 10920 -1 209 -1 209 -1 11300 11112 -1 209 -1 -2
209 -1 213 -1 209 -1 213 -1 11120 -1 11401 -1 -2
211 -1 211 -1 201 -1 205 -1 11411 -1 10900 -1 207 -1 -2
213 -1 208 -1 209 -1 200 -1 213 -1 208 -1 11400 -1 209 -1 -2
213 -1 306 -1 213 -1 209 -1 209 -1 207 -1 209 -1 201 -1 209 -1 -2
207 -1 11100 10001 -1 207 -1 209 10310 -1 209 10810 -1 209 -1 314 -1 209 -1 314 -1 10900 -1 -2
205 -1 305 -1 10620 -1 213 -1 205 -1 -2
10711 -1 302 -1 208 -1 -2
213 -1 214 -1 11102 -1 11010 -1 303 -1 314 -1 11410 214 213 -1 -2
214 11300 -1 311 -1 214 -1 214 -1 214 -1 314 -1 214 -1 -2
11102 -1 10500 -1 10310 -1 -2
206 -1 10810 -1 310 -1 11122 -1 -2
10010 -1 206 -1 214 -1 210 -1 -2
214 -1 211 -1 11120 -1 310 -1 -2
307 -1 314 -1 11120 214 -1 10500 -1 307 -1 -2
11400 -1 10920 -1 211 -1 -2
210 -1 214 -1 210 -1 -2
11121 -1 311 -1 10011 -1 -2
211 -1 310 311 -1 211 -1 10020 -1 211 -1 205 -1 -2
314 -1 -2
11010 -1 10112 -1 211 -1 214 -1 -2
11121 -1 313 -1 10821 -1 10500 -1 -2
203 -1 203 -1 203 -1 211 -1 203 -1 203 -1 -2
203 200 -1 10321 -1 200 -1 200 -1 309 -1 200 -1 -2
213 -1 200 -1 10720 -1 200 -1 301 -1 200 -1 11110 -1 -2
311 -1 10210 -1 -2
200 -1 10621 -1 10610 -1 307 -1 -2
209 -1 211 -1 205 311 -1 205 -1 211 -1 -2
201 -1 10500 -1 309 -1 211 -1 211 -1 -2
310 -1 205 -1 -2
302 -1 210 -1 205 -1 -2
213 -1 205 -1 11420 -1 -2
11110 -1 201 -1 211 -1 205 -1 201 -1 211 -1 214 -1 211 -1 -2
211 -1 201 211 -1 201 -1 -2
10220 -1 207 -1 10501 -1 213 -1 200 -1 10621 -1 211 -1 207 -1 10500 -1 -2
207 -1 207 -1 207 -1 209 -1 200 -1 209 207 -1 200 -1 209 -1 11401 -1 213 -1 307 -1 207 -1 -2
207 -1 200 305 -1 207 -1 200 -1 207 -1 11400 -1 213 -1 207 -1 10611 -1 207 -1 -2
207 10500 -1 211 -1 200 -1 211 -1 207 -1 10720 -1 -2
10720 -1 213 -1 11010 313 -1 211 -1 209 -1 302 -1 205 -1 205 -1 -2
306 -1 211 -1 203 -1 207 -1 214 -1 305 -1 11421 -1 -2
10720 -1 211 -1 11320 -1 205 -1 -2
11310 -1 205 -1 11411 -1 10500 -1 10720 -1 -2
10320 -1 11121 -1 213 -1 11320 -1 -2
214 -1 211 -1 10620 -1 -2
10720 214 -1 10500 -1 11020 -1 -2
10720 -1 10620 -1 11121 -1 11310 -1 -2
10120 -1 211 -1 211 -1 11420 -1 10720 305 -1 -2
10500 -1 10010 -1 200 -1 -2
11122 -1 210 -1 10010 -1 -2
10611 -1 311 -1 -2
11420 -1 10500 -1 11400 -1 10920 -1 -2
303 -1 311 -1 -2
311 -1 311 -1 214 -1 -2
210 10910 -1 200 -1 214 -1 214 -1 10610 -1 214 -1 206 -1 314 -1 205 -1 306 -1 -2
214 -1 214 -1 310 205 -1 11020 -1 10010 -1 -2
10620 -1 205 -1 311 -1 214 -1 214 -1 -2
307 -1 10010 -1 207 -1 -2
11010 -1 205 11410 -1 202 -1 10720 -1 11401 -1 -2
311 -1 211 -1 10720 -1 211 -1 -2
10621 -1 310 -1 10010 -1 -2
11320 -1 10720 -1 209 -1 -2
11020 208 -1 -2
213 -1 305 -1 205 -1 207 -1 308 11120 -1 10620 -1 -2
307 -1 311 -1 -2
10320 -1 -2
11112 -1 205 -1 309 -1 205 -1 -2
11400 -1 11420 -1 -2
310 -1 206 -1 11400 -1 -2
203 -1 203 -1 301 -1 -2
10720 -1 214 -1 208 -1 -2
10910 -1 10010 -1 11110 -1 -2
10820 -1 310 -1 11420 -1 203 -1 203 -1 10611 11120 -1 203 -1 -2
310 -1 10810 -1 203 -1 211 -1 211 -1 10611 -1 206 -1 211 -1 11401 -1 211 -1 11120 -1 10820 -1 10420 -1 -2
206 306 -1 10620 -1 203 -1 205 211 -1 205 -1 -2
203 -1 10000 -1 10511 -1 213 -1 -2
309 -1 308 -1 10610 -1 10720 -1 -2
10820 -1 11110 -1 11122 -1 10920 -1 -2
10810 -1 10000 -1 200 -1 305 -1 214 -1 11111 -1 -2
309 -1 10620 -1 211 -1 10720 -1 10320 -1 10920 -1 314 -1 10111 -1 311 -1 -2
11121 -1 10720 -1 -2
