307 -1 -2
310 -1 307 -1 -2
310 -1 306 -1 -2
314 -1 309 -1 -2
314 -1 305 -1 -2
307 -1 311 -1 -2
310 -1 307 -1 -2
303 -1 -2
308 -1 305 -1 -2
305 -1 306 -1 310 -1 308 -1 307 -1 -2
310 -1 311 -1 306 -1 -2
301 -1 302 -1 311 -1 -2
310 -1 314 -1 310 -1 306 -1 303 -1 -2
307 -1 306 -1 -2
307 -1 310 -1 302 -1 309 -1 -2
309 -1 -2
306 -1 310 -1 -2
309 -1 314 -1 302 -1 310 -1 -2
314 -1 302 -1 -2
307 -1 -2
309 -1 311 -1 306 -1 303 -1 310 -1 -2
314 -1 307 -1 314 -1 309 -1 -2
302 -1 309 -1 305 307 -1 308 -1 -2
308 -1 303 -1 314 -1 307 -1 -2
311 -1 310 -1 -2
305 -1 -2
302 -1 307 -1 310 -1 -2
309 -1 311 -1 306 -1 310 -1 -2
308 -1 310 -1 -2
302 -1 310 -1 310 -1 -2
305 -1 307 -1 310 -1 302 -1 310 -1 306 -1 302 -1 310 -1 -2
307 -1 311 -1 302 -1 -2
303 -1 306 -1 314 -1 305 -1 -2
307 -1 -2
308 -1 307 -1 311 -1 310 -1 300 306 -1 -2
307 -1 305 -1 314 -1 -2
308 -1 314 -1 -2
311 -1 306 -1 305 -1 -2
308 -1 314 -1 -2
311 -1 307 -1 310 -1 -2
306 -1 311 -1 306 -1 308 -1 -2
314 309 -1 303 -1 -2
307 -1 305 -1 -2
307 -1 307 -1 -2
314 -1 307 -1 302 -1 303 -1 -2
306 -1 310 -1 306 -1 -2
302 -1 314 -1 314 -1 305 -1 307 -1 -2
306 -1 308 -1 -2
307 -1 -2
307 -1 314 -1 -2
310 -1 306 -1 303 -1 300 -1 -2
200 -1 -2
200 -1 -2
308 -1 311 -1 310 -1 -2
307 -1 10520 -1 -2
306 -1 309 -1 303 -1 -2
1001 -1 311 -1 314 -1 -2
311 -1 311 -1 -2
309 -1 314 -1 -2
307 -1 307 -1 -2
310 -1 303 -1 306 -1 311 -1 307 -1 -2
307 -1 310 -1 314 -1 -2
306 -1 310 -1 310 -1 311 -1 314 -1 200 -1 -2
303 -1 307 -1 -2
303 -1 310 -1 -2
311 -1 10000 -1 309 -1 -2
303 -1 307 -1 307 -1 -2
309 -1 307 -1 314 -1 311 -1 307 -1 10000 -1 310 -1 311 -1 314 -1 -2
310 -1 308 -1 307 -1 311 -1 -2
310 -1 307 305 -1 -2
308 -1 308 -1 310 -1 200 -1 200 -1 -2
307 -1 200 -1 311 -1 311 -1 -2
308 -1 200 -1 309 -1 306 -1 306 -1 -2
305 -1 311 -1 -2
10000 -1 200 -1 307 -1 -2
300 -1 308 -1 -2
310 -1 311 -1 -2
314 -1 308 -1 200 -1 -2
307 -1 307 -1 303 -1 -2
10000 -1 308 -1 308 -1 -2
307 -1 200 -1 314 -1 -2
302 -1 -2
307 -1 314 -1 307 -1 -2
308 -1 311 -1 308 -1 -2
309 -1 306 -1 200 -1 -2
314 -1 308 -1 200 -1 -2
307 -1 306 -1 308 -1 -2
306 -1 -2
1000 -1 314 -1 307 314 -1 314 -1 -2
311 -1 -2
314 -1 200 -1 -2
306 -1 306 -1 307 -1 311 -1 307 -1 200 -1 -2
310 -1 200 -1 307 -1 200 -1 309 -1 -2
302 -1 307 -1 -2
302 -1 310 -1 308 -1 310 -1 200 -1 -2
310 -1 306 -1 -2
200 -1 314 -1 311 -1 -2
311 -1 311 -1 -2
300 -1 310 -1 -2
311 -1 311 -1 308 -1 311 -1 -2
200 -1 200 -1 -2
300 -1 307 -1 200 -1 -2
311 -1 311 10520 -1 -2
310 -1 306 -1 311 -1 311 -1 311 -1 10000 -1 -2
306 -1 307 -1 200 -1 -2
302 -1 306 -1 311 -1 305 -1 -2
200 -1 200 -1 -2
306 -1 200 -1 -2
311 -1 310 -1 -2
314 -1 308 -1 -2
200 -1 303 311 -1 -2
305 -1 1000 -1 303 -1 -2
309 -1 311 -1 306 -1 -2
311 310 -1 -2
307 -1 307 -1 307 -1 302 -1 307 -1 307 -1 305 -1 311 -1 309 -1 305 -1 -2
307 -1 311 -1 311 -1 -2
200 -1 311 -1 -2
307 -1 -2
308 -1 301 -1 303 -1 309 -1 -2
205 -1 205 -1 205 -1 -2
307 -1 303 -1 -2
308 -1 307 -1 -2
310 -1 303 -1 -2
311 -1 311 -1 200 -1 307 -1 305 -1 -2
303 -1 309 -1 306 -1 -2
311 -1 307 -1 314 -1 311 -1 307 -1 -2
1000 -1 305 -1 -2
311 -1 11320 -1 308 -1 -2
205 -1 -2
10910 -1 311 -1 1000 -1 311 -1 212 -1 -2
207 -1 314 -1 205 -1 207 -1 305 -1 -2
207 -1 307 -1 -2
11101 -1 306 -1 307 -1 10510 -1 -2
310 -1 11410 -1 307 -1 -2
205 -1 205 -1 205 -1 -2
302 -1 10710 -1 -2
308 -1 10311 -1 305 -1 11120 -1 -2
207 -1 11120 -1 307 -1 10820 -1 11420 -1 -2
10311 -1 11311 -1 -2
10520 -1 314 -1 207 -1 -2
10520 205 -1 205 -1 207 -1 207 -1 211 -1 205 -1 -2
205 -1 205 -1 205 -1 205 -1 -2
306 -1 307 -1 207 -1 -2
314 -1 10720 -1 306 -1 211 -1 311 -1 -2
306 -1 308 -1 310 -1 307 -1 10620 -1 -2
314 -1 310 -1 11120 -1 -2
11321 -1 311 -1 10910 -1 314 -1 -2
11410 -1 211 -1 -2
314 -1 -2
10310 -1 314 -1 -2
10500 -1 10301 -1 -2
10710 -1 314 -1 10710 -1 11110 11120 -1 -2
311 -1 211 -1 314 307 -1 -2
311 -1 10520 -1 -2
10620 -1 11420 -1 10010 -1 310 -1 -2
10020 -1 10000 -1 11410 -1 306 -1 10820 -1 -2
10620 -1 311 -1 200 -1 -2
207 -1 207 -1 -2
207 -1 306 -1 214 -1 207 -1 214 -1 214 -1 -2
306 -1 307 -1 10420 -1 206 -1 311 -1 -2
10720 -1 301 -1 -2
314 -1 205 -1 205 -1 11411 -1 10720 -1 -2
308 -1 301 -1 -2
306 -1 206 -1 10000 -1 301 -1 -2
308 -1 314 -1 10000 -1 10301 -1 310 -1 209 -1 311 305 -1 207 -1 -2
10520 -1 311 -1 -2
11110 -1 311 -1 214 -1 -2
311 -1 10720 -1 -2
10000 -1 -2
10621 -1 209 -1 -2
208 -1 10220 -1 214 -1 309 -1 -2
307 -1 10510 204 -1 -2
306 -1 304 -1 -2
314 -1 10020 -1 10500 -1 -2
10510 -1 11120 -1 206 -1 205 -1 -2
311 -1 200 -1 309 -1 -2
10620 -1 309 307 -1 10920 -1 311 -1 10611 -1 -2
205 10120 -1 205 -1 -2
205 -1 10621 -1 211 -1 205 -1 211 -1 214 -1 205 -1 -2
11321 -1 211 -1 205 -1 306 -1 309 -1 -2
305 -1 205 -1 -2
309 -1 303 -1 10500 -1 205 -1 11120 -1 -2
207 -1 303 -1 207 -1 -2
205 -1 306 -1 11110 -1 10501 -1 200 -1 -2
207 -1 200 -1 10011 -1 310 -1 -2
10501 -1 307 -1 10000 -1 314 -1 -2
10500 -1 303 -1 200 -1 11120 -1 10500 -1 213 -1 -2
311 -1 10000 -1 207 206 -1 -2
10720 -1 200 -1 207 -1 310 -1 307 -1 10920 -1 10510 305 -1 10220 -1 311 306 -1 -2
10501 -1 10720 -1 213 -1 207 -1 307 -1 -2
10711 -1 307 -1 311 -1 11320 -1 -2
306 -1 314 -1 305 -1 11121 -1 305 -1 10320 -1 -2
10720 -1 211 -1 10020 -1 211 -1 311 -1 305 -1 -2
310 -1 306 -1 10000 -1 -2
10321 -1 10520 -1 -2
10320 -1 214 -1 11121 -1 -2
307 -1 213 -1 -2
314 10721 -1 11021 -1 314 -1 -2
10500 -1 -2
205 -1 205 -1 -2
10520 -1 310 -1 11411 -1 -2
213 -1 10000 -1 -2
11321 -1 207 -1 -2
10920 -1 10000 207 -1 11120 -1 10500 -1 211 200 -1 10920 -1 200 -1 200 -1 -2
301 -1 307 -1 -2
311 -1 10900 -1 206 -1 -2
10320 -1 10511 -1 205 -1 305 -1 205 -1 -2
208 -1 300 -1 309 -1 301 305 -1 -2
211 -1 207 -1 11121 -1 -2
307 -1 10920 -1 10821 -1 -2
311 -1 314 -1 214 -1 208 -1 -2
11420 -1 206 -1 311 -1 -2
308 -1 10620 -1 306 -1 -2
10621 -1 302 -1 314 -1 10500 -1 10500 -1 -2
309 10500 -1 10320 -1 303 -1 314 -1 11220 -1 11321 -1 -2
314 -1 302 -1 10920 -1 305 -1 -2
211 -1 314 -1 10320 -1 11321 -1 -2
11310 -1 10720 -1 -2
10911 -1 206 -1 314 -1 305 -1 -2
308 -1 -2
311 -1 302 -1 203 -1 307 -1 -2
11310 -1 314 -1 11110 -1 311 -1 308 -1 -2
207 -1 213 -1 303 -1 -2
11121 -1 10500 -1 209 -1 306 -1 -2
307 -1 305 -1 -2
200 -1 11122 -1 -2
11110 -1 11420 -1 -2
11121 -1 311 -1 -2
314 -1 308 -1 -2
205 -1 10020 -1 303 -1 209 303 -1 -2
311 -1 10910 -1 10920 -1 -2
10320 -1 10500 -1 11420 -1 11310 -1 -2
10520 -1 200 -1 303 -1 200 -1 -2
10500 -1 10620 -1 214 -1 -2
306 -1 10920 -1 -2
200 -1 309 -1 305 -1 10110 -1 -2
212 -1 310 -1 209 -1 212 -1 -2
212 -1 200 -1 212 -1 -2
212 -1 213 -1 200 -1 11120 10620 -1 200 -1 206 -1 -2
307 -1 206 -1 209 -1 303 -1 200 -1 209 -1 305 -1 209 -1 -2
10501 -1 209 -1 302 -1 200 -1 -2
308 -1 11310 -1 311 -1 -2
10000 -1 311 -1 211 -1 200 -1 -2
304 -1 307 -1 309 -1 309 -1 -2
10620 -1 10920 -1 209 -1 207 -1 314 -1 11420 306 -1 209 -1 -2
10500 -1 10000 -1 -2
10720 -1 301 -1 11120 -1 308 -1 209 -1 -2
211 -1 11111 -1 -2
314 -1 10900 -1 11120 -1 207 -1 -2
200 -1 11122 -1 307 -1 209 -1 -2
10321 -1 209 -1 305 -1 -2
10621 -1 310 -1 304 -1 -2
11122 -1 309 -1 -2
10110 -1 -2
207 -1 10520 -1 11320 -1 -2
10500 -1 305 -1 307 -1 -2
311 -1 307 -1 -2
307 -1 301 -1 -2
211 -1 200 -1 213 -1 10000 -1 -2
10900 -1 209 -1 11120 -1 10920 -1 10520 -1 -2
314 -1 213 -1 209 -1 307 -1 -2
209 -1 11020 -1 200 -1 306 -1 -2
207 -1 -2
10920 -1 10820 -1 308 -1 -2
305 -1 206 11122 -1 10621 11420 -1 209 -1 -2
306 -1 10900 -1 306 -1 -2
10610 -1 310 -1 307 -1 -2
10900 -1 -2
311 -1 202 -1 -2
210 -1 304 -1 -2
307 -1 10900 -1 311 -1 -2
307 -1 -2
10500 -1 308 -1 10520 -1 -2
10620 -1 -2
10721 -1 210 -1 309 -1 311 -1 -2
308 -1 -2
10020 -1 10621 -1 -2
200 -1 305 -1 314 -1 11120 -1 302 -1 -2
306 10310 -1 11420 -1 -2
203 -1 203 -1 309 10320 -1 205 -1 10000 -1 -2
10120 -1 211 -1 -2
307 -1 11310 -1 213 -1 306 -1 -2
306 -1 11120 -1 314 -1 11320 -1 -2
10820 10920 -1 314 -1 -2
209 -1 209 -1 -2
10900 -1 10920 -1 303 -1 10510 -1 311 -1 10020 -1 -2
208 -1 305 -1 10920 305 -1 208 306 -1 209 -1 307 -1 -2
305 -1 205 -1 -2
205 -1 306 -1 10121 -1 306 -1 -2
307 -1 10920 -1 11111 -1 310 -1 -2
200 -1 200 -1 209 -1 213 -1 200 -1 10000 -1 -2
310 -1 206 -1 307 -1 -2
10900 -1 10520 -1 307 -1 211 -1 -2
208 -1 307 -1 303 -1 -2
10620 -1 11420 -1 314 -1 -2
310 -1 -2
10320 -1 211 -1 10820 -1 10820 -1 -2
305 -1 305 -1 305 -1 -2
11110 -1 305 -1 307 -1 10320 -1 -2
304 -1 10000 -1 -2
300 -1 11112 -1 11110 -1 10610 -1 -2
10900 -1 303 -1 10910 -1 200 205 -1 -2
200 -1 303 -1 205 -1 -2
11420 -1 309 -1 10820 -1 308 -1 311 -1 -2
306 -1 205 -1 -2
214 -1 303 -1 11400 -1 11120 -1 306 -1 10000 -1 -2
10600 -1 301 -1 -2
11401 -1 10000 -1 209 -1 -2
303 -1 10220 -1 10320 -1 307 -1 -2
206 -1 11121 -1 10000 -1 -2
209 -1 10900 -1 10821 -1 -2
307 -1 10920 -1 11400 -1 307 -1 309 -1 -2
10920 -1 209 -1 -2
11410 -1 10621 -1 10720 -1 10620 -1 11021 -1 -2
309 -1 11420 -1 -2
213 -1 209 -1 207 -1 -2
209 -1 10900 -1 312 -1 206 305 -1 -2
11420 -1 200 -1 11220 -1 306 -1 -2
306 -1 310 -1 10920 -1 303 -1 -2
10911 -1 10620 11400 -1 -2
201 -1 206 -1 10120 -1 11101 -1 10620 -1 213 -1 -2
10720 10000 -1 208 -1 10720 -1 307 -1 -2
10722 -1 305 -1 -2
307 -1 10501 -1 -2
303 -1 208 -1 -2
310 -1 10820 -1 -2
10220 -1 10620 -1 10320 -1 303 -1 -2
10720 -1 306 -1 10000 -1 -2
213 -1 311 -1 10910 -1 314 -1 -2
208 -1 200 -1 309 -1 11400 -1 305 -1 10721 -1 308 300 -1 -2
207 -1 10710 -1 10000 -1 209 -1 207 -1 10300 -1 -2
306 -1 310 -1 307 -1 -2
11120 -1 311 -1 214 -1 11400 -1 -2
10900 -1 200 -1 10610 -1 213 -1 200 -1 11120 -1 200 -1 10300 -1 -2
203 -1 203 -1 10300 -1 10621 -1 -2
200 -1 11111 -1 306 -1 200 -1 -2
305 -1 209 200 -1 308 -1 200 -1 207 -1 200 -1 303 -1 200 -1 -2
11120 -1 213 -1 302 -1 -2
201 -1 10000 -1 10622 -1 214 -1 -2
209 -1 301 -1 10500 -1 -2
11120 -1 206 -1 214 -1 301 -1 -2
10610 -1 300 -1 10000 -1 308 -1 308 -1 11120 -1 11300 -1 -2
209 -1 11110 306 -1 200 -1 -2
10300 -1 11120 -1 -2
11120 -1 207 -1 10300 -1 -2
201 -1 -2
10900 -1 200 -1 306 -1 -2
200 -1 11400 -1 211 -1 -2
11320 -1 211 -1 10500 -1 10900 -1 -2
10310 -1 10320 -1 314 -1 10500 -1 209 -1 -2
209 -1 209 -1 209 -1 11300 -1 200 -1 -2
11400 -1 314 -1 -2
11420 -1 308 -1 -2
303 -1 200 -1 209 305 -1 209 -1 206 -1 -2
210 -1 203 -1 309 -1 -2
10720 -1 211 -1 10322 -1 10820 -1 209 -1 -2
200 -1 203 -1 311 10520 -1 207 -1 303 -1 207 -1 207 -1 -2
207 11120 -1 209 -1 -2
11120 -1 200 -1 10500 -1 10720 -1 207 -1 -2
10900 -1 -2
10900 -1 10720 -1 306 -1 -2
10610 -1 -2
303 -1 303 206 -1 206 -1 -2
206 -1 209 -1 209 -1 211 -1 209 -1 209 -1 -2
10610 -1 213 -1 209 -1 -2
11021 -1 10320 -1 -2
203 -1 10321 -1 211 -1 211 -1 11100 -1 -2
303 307 -1 11120 -1 -2
214 -1 10311 -1 301 -1 303 -1 208 -1 10900 -1 10810 -1 -2
10910 -1 10300 -1 -2
207 -1 209 -1 10420 207 -1 10500 -1 207 -1 205 -1 10810 -1 11121 -1 10300 -1 -2
10810 10900 -1 11200 10710 -1 308 -1 10301 -1 206 -1 -2
10700 -1 206 -1 11310 -1 200 -1 205 -1 10622 -1 209 -1 -2
205 -1 10110 -1 10621 -1 11110 -1 211 -1 206 -1 205 -1 205 -1 -2
11110 -1 205 -1 11320 -1 206 -1 310 -1 205 -1 -2
209 -1 200 -1 205 -1 11420 -1 208 -1 -2
206 -1 206 -1 10820 -1 10720 -1 209 -1 -2
10610 -1 10900 -1 10320 -1 303 -1 206 -1 206 -1 10610 -1 206 -1 203 -1 -2
10310 -1 307 -1 314 -1 -2
10511 -1 213 -1 310 -1 11400 -1 -2
10121 -1 211 -1 314 -1 10702 -1 11102 -1 305 -1 -2
10720 -1 -2
10510 -1 314 -1 10600 -1 -2
10910 -1 10301 -1 -2
205 -1 209 -1 -2
200 -1 207 -1 209 -1 209 -1 207 -1 -2
207 -1 205 -1 207 -1 10800 -1 10312 -1 11121 -1 10621 -1 10320 -1 10700 -1 -2
10300 -1 314 -1 10910 -1 10700 -1 -2
10321 -1 11100 -1 11120 11420 -1 10510 -1 -2
10320 -1 11111 -1 -2
200 -1 11112 -1 11120 -1 10320 -1 -2
310 -1 203 -1 206 -1 307 -1 -2
203 -1 203 -1 305 -1 10321 -1 314 -1 -2
10300 -1 206 307 -1 10600 -1 -2
10620 -1 306 309 -1 -2
11200 10810 -1 -2
10920 -1 10712 -1 311 -1 307 -1 10300 -1 10610 -1 -2
10710 -1 10520 -1 10910 -1 307 -1 -2
311 310 -1 10500 -1 10701 -1 200 -1 305 -1 -2
11120 -1 10000 -1 -2
203 -1 10220 -1 200 -1 314 -1 -2
209 -1 10301 -1 10300 -1 -2
301 -1 208 -1 11320 -1 -2
200 -1 10720 -1 200 -1 10900 -1 10910 -1 -2
209 -1 10920 -1 10711 -1 314 -1 11301 -1 10610 -1 -2
11110 -1 308 -1 10000 -1 -2
10811 -1 307 -1 -2
309 -1 311 -1 -2
302 -1 314 -1 10500 -1 -2
201 -1 11110 -1 10111 -1 -2
10900 -1 210 -1 210 -1 -2
206 -1 207 -1 -2
209 -1 209 -1 10010 -1 213 -1 209 -1 -2
10310 -1 207 -1 10600 11400 -1 -2
11020 -1 206 -1 -2
206 -1 206 -1 206 -1 11102 -1 10610 -1 211 -1 210 -1 206 -1 -2
10900 10910 211 -1 310 -1 10710 -1 10900 -1 308 -1 10000 -1 -2
10620 -1 11410 -1 -2
11400 -1 213 -1 10900 -1 311 -1 -2
11100 -1 203 -1 10310 -1 -2
10501 -1 10010 -1 10311 -1 10900 -1 209 -1 10300 -1 10220 -1 211 -1 -2
211 -1 203 -1 11400 -1 213 -1 -2
310 -1 307 -1 209 -1 10420 -1 200 -1 10210 -1 -2
211 -1 10320 -1 10320 -1 11400 -1 211 -1 -2
10321 -1 214 -1 -2
203 -1 203 -1 10620 -1 -2
10311 -1 314 -1 10900 -1 311 -1 -2
10710 -1 314 -1 10710 -1 11011 -1 -2
206 -1 10300 -1 10900 -1 -2
11112 -1 314 -1 10000 -1 314 -1 -2
10120 -1 10721 -1 11311 10500 -1 10310 -1 305 -1 -2
10711 -1 10710 -1 209 10900 -1 -2
211 -1 206 -1 306 -1 303 -1 314 -1 10900 -1 10500 -1 205 -1 208 -1 309 -1 205 -1 205 -1 -2
205 -1 205 -1 10300 -1 205 -1 10900 -1 10900 209 -1 -2
10301 -1 11420 306 -1 11120 -1 307 -1 213 -1 -2
10910 -1 200 -1 11020 -1 -2
11110 -1 10310 -1 213 -1 -2
306 -1 11401 -1 11110 -1 10710 -1 205 -1 10001 -1 11310 10920 -1 209 -1 209 -1 -2
307 -1 -2
10620 -1 311 -1 11401 -1 209 -1 207 -1 203 -1 -2
203 -1 203 -1 203 -1 203 -1 203 -1 306 -1 -2
310 10621 -1 10300 -1 10910 -1 10300 -1 203 -1 10320 -1 -2
203 -1 209 -1 10300 -1 200 -1 11311 -1 209 -1 211 -1 11310 -1 207 10300 -1 -2
213 209 -1 213 -1 10720 -1 10000 -1 11110 -1 10711 -1 11400 -1 -2
10301 -1 209 -1 10820 -1 205 -1 10300 -1 -2
10500 -1 10820 -1 10712 -1 200 211 -1 10920 -1 -2
211 -1 10900 -1 211 -1 10820 -1 10520 -1 311 -1 -2
306 -1 206 -1 309 -1 311 -1 -2
209 -1 11421 307 -1 10500 -1 213 -1 211 -1 209 -1 207 -1 -2
209 -1 10500 -1 10311 -1 10611 -1 10500 -1 -2
10620 -1 10610 -1 10300 -1 10310 -1 10611 -1 309 -1 -2
10900 -1 11110 -1 300 -1 306 -1 10710 -1 -2
10300 -1 305 -1 -2
307 -1 200 -1 11110 209 -1 10711 -1 10301 -1 -2
11220 -1 203 -1 207 -1 309 -1 11110 -1 -2
10710 -1 200 -1 212 -1 209 312 -1 11310 -1 11120 -1 -2
306 -1 209 -1 211 -1 206 -1 -2
214 -1 211 -1 209 -1 209 -1 10610 -1 -2
10301 -1 206 10410 -1 206 210 -1 210 -1 210 -1 214 -1 210 -1 210 -1 210 -1 209 -1 -2
11020 210 -1 201 -1 210 -1 210 -1 306 311 -1 210 -1 -2
302 -1 10710 -1 10520 -1 10321 -1 -2
206 -1 210 -1 210 -1 210 -1 210 -1 10310 -1 10900 -1 210 -1 210 -1 -2
214 -1 210 -1 307 210 -1 206 -1 311 -1 11010 210 -1 206 -1 210 -1 -2
209 10810 -1 11120 205 10900 -1 11401 -1 10500 -1 10500 -1 -2
205 -1 200 -1 314 -1 10811 -1 301 -1 -2
10900 -1 207 -1 10500 -1 11111 -1 -2
308 -1 10420 -1 -2
11321 -1 10911 -1 211 -1 11120 -1 213 -1 201 -1 208 -1 10900 211 -1 11112 -1 -2
302 -1 213 209 -1 209 -1 213 -1 207 -1 209 -1 209 -1 10720 -1 207 -1 -2
10900 -1 11110 -1 11111 -1 11320 -1 -2
10001 -1 306 -1 11300 -1 -2
10121 -1 11101 -1 10900 -1 10321 -1 10000 -1 -2
205 -1 214 -1 210 -1 11110 -1 10900 -1 307 -1 -2
11010 211 -1 209 -1 211 -1 209 -1 213 -1 209 -1 209 -1 205 -1 11112 -1 203 -1 -2
203 -1 211 -1 211 -1 211 -1 11401 -1 11112 -1 -2
303 -1 10900 -1 205 -1 205 -1 10900 -1 -2
10720 -1 205 -1 209 11400 -1 211 -1 210 -1 308 -1 309 -1 10500 -1 210 -1 210 302 -1 210 -1 10620 -1 -2
314 -1 311 -1 10900 -1 214 -1 10900 -1 11020 -1 -2
314 -1 11020 -1 310 -1 10310 -1 -2
314 -1 207 -1 10511 -1 208 -1 10320 -1 -2
206 -1 211 207 -1 211 -1 207 -1 207 -1 -2
212 -1 209 -1 207 -1 305 -1 301 -1 11420 -1 10600 -1 10810 -1 -2
11121 -1 209 -1 213 207 11110 -1 306 -1 10710 10000 -1 -2
206 -1 10901 -1 210 -1 10720 -1 11300 -1 11400 -1 209 -1 209 -1 11300 -1 -2
307 -1 11120 -1 213 -1 206 -1 209 -1 211 -1 311 211 -1 209 211 -1 209 -1 10722 211 -1 209 -1 11320 -1 209 -1 11300 -1 -2
209 10601 -1 209 -1 303 -1 209 -1 -2
305 -1 11121 -1 201 200 -1 11010 -1 209 -1 10311 -1 209 -1 11010 -1 209 -1 213 -1 10520 -1 -2
11400 209 10320 -1 306 -1 205 -1 209 -1 313 -1 -2
10920 -1 203 -1 204 -1 11420 -1 10600 -1 11101 -1 211 -1 10711 -1 -2
210 10000 -1 210 -1 311 -1 211 -1 313 -1 205 -1 10500 -1 -2
11010 -1 11401 -1 10900 -1 209 -1 314 -1 -2
11011 203 -1 314 10112 -1 301 -1 -2
10711 -1 205 -1 200 -1 205 -1 214 -1 11112 -1 307 -1 -2
10310 -1 314 -1 11300 -1 -2
209 -1 200 -1 207 -1 10321 209 -1 10311 -1 200 209 -1 11410 -1 209 -1 209 -1 11410 -1 11120 -1 209 -1 -2
209 -1 213 10621 -1 209 -1 213 -1 10311 -1 10820 -1 -2
211 -1 211 -1 201 -1 205 -1 11101 -1 207 -1 -2
213 -1 208 -1 310 309 -1 209 -1 200 -1 10620 -1 213 -1 11000 -1 10900 -1 208 -1 10620 -1 314 -1 10111 -1 10500 209 -1 -2
10800 -1 306 11020 -1 213 10900 -1 213 -1 209 -1 10900 209 -1 207 -1 10711 -1 209 -1 201 -1 10900 -1 209 -1 -2
207 -1 207 -1 209 -1 209 -1 209 -1 314 -1 209 -1 -2
11020 -1 205 -1 10900 -1 308 -1 11310 -1 10611 -1 10311 -1 213 -1 205 -1 -2
11300 -1 302 -1 208 -1 11400 -1 -2
11120 -1 213 -1 214 -1 303 -1 214 213 -1 -2
214 -1 214 -1 11420 11000 -1 214 -1 214 -1 11400 -1 214 -1 10000 -1 -2
11320 -1 -2
305 -1 206 -1 10820 -1 -2
303 -1 11122 -1 206 -1 214 -1 210 -1 -2
214 -1 10810 -1 11110 -1 211 -1 -2
307 310 -1 10121 -1 214 -1 11400 -1 11400 -1 -2
307 -1 10621 -1 -2
305 -1 313 -1 10920 -1 211 -1 -2
210 -1 10910 -1 214 -1 210 -1 -2
11020 -1 -2
11420 -1 211 -1 311 310 -1 211 -1 211 -1 11120 -1 205 -1 -2
303 -1 11320 -1 314 -1 11400 -1 -2
10500 -1 309 -1 211 -1 314 -1 214 -1 -2
301 -1 -2
11120 -1 203 -1 203 -1 203 -1 211 -1 203 -1 10320 -1 203 -1 -2
200 203 -1 200 -1 200 -1 200 -1 -2
213 -1 200 -1 200 -1 200 -1 -2
10500 -1 301 10000 -1 -2
200 -1 10720 -1 -2
209 -1 211 -1 205 -1 205 -1 211 -1 -2
201 -1 211 -1 211 -1 -2
310 -1 205 -1 -2
210 11400 -1 10310 -1 205 -1 306 -1 -2
213 -1 303 -1 10420 310 -1 205 -1 -2
11010 -1 201 -1 211 -1 205 -1 201 11110 -1 211 -1 214 -1 211 -1 -2
211 -1 10320 -1 211 201 -1 314 -1 201 -1 11121 -1 -2
10500 -1 207 -1 10820 -1 213 -1 303 -1 11122 200 -1 211 -1 207 -1 -2
207 -1 207 -1 207 -1 209 -1 200 -1 209 207 -1 200 -1 209 -1 311 213 -1 207 -1 -2
207 -1 200 -1 207 -1 200 -1 207 -1 213 -1 207 -1 207 -1 -2
207 -1 211 -1 200 -1 211 -1 207 -1 308 -1 10621 -1 10720 -1 -2
213 -1 211 -1 11400 -1 209 -1 205 -1 205 -1 10720 -1 -2
211 -1 203 -1 207 -1 214 -1 11121 -1 305 -1 10500 -1 -2
310 -1 211 -1 205 -1 -2
205 -1 10720 -1 10500 -1 11121 -1 10920 -1 10910 -1 213 -1 -2
10320 -1 11021 -1 214 -1 211 -1 10920 -1 11321 -1 -2
214 -1 306 -1 313 -1 -2
10500 -1 10220 -1 -2
211 -1 211 -1 11120 -1 314 -1 -2
314 -1 10720 10310 -1 200 -1 -2
11410 -1 11310 -1 10010 -1 10010 210 -1 306 -1 314 -1 -2
11121 -1 10300 -1 303 -1 -2
10720 -1 10720 -1 307 -1 214 -1 -2
210 -1 200 -1 214 -1 214 -1 214 -1 206 -1 205 -1 -2
214 -1 214 -1 205 -1 10711 -1 10000 -1 11400 -1 -2
11110 -1 10311 -1 10720 -1 205 -1 311 10210 -1 214 -1 214 10820 -1 207 -1 -2
10000 -1 10720 -1 205 -1 202 -1 -2
311 -1 11111 -1 211 -1 211 -1 10621 -1 -2
310 -1 314 -1 -2
11401 -1 11401 -1 209 10720 -1 -2
208 -1 10620 -1 10000 -1 10610 -1 308 -1 -2
213 -1 205 -1 207 -1 314 10000 -1 -2
307 -1 10620 -1 10620 -1 205 -1 309 -1 205 -1 -2
10420 -1 11401 -1 10020 -1 310 -1 -2
10820 -1 206 -1 11111 -1 10000 -1 203 -1 203 -1 10910 -1 10420 -1 314 -1 -2
11111 -1 214 -1 308 -1 208 -1 11420 -1 -2
10000 -1 11121 -1 306 -1 10520 -1 -2
11122 -1 11410 -1 203 -1 203 -1 203 -1 -2
203 -1 211 -1 211 -1 206 -1 211 -1 211 -1 10720 -1 -2
10310 -1 11120 -1 -2
306 206 309 -1 305 -1 307 -1 10110 10620 -1 203 -1 211 205 -1 205 -1 -2
203 -1 10110 -1 11111 -1 311 -1 11400 -1 10501 -1 -2
11010 -1 10621 -1 213 -1 -2
309 -1 11121 -1 10112 -1 10010 -1 10112 -1 -2
10711 -1 10320 -1 11020 -1 10920 -1 10320 -1 -2
11400 -1 200 -1 307 -1 305 -1 214 -1 11421 -1 10500 -1 -2
11310 -1 211 -1 10911 -1 314 -1 11120 -1 10310 -1 -2
