311 -1 -2
307 -1 -2
302 -1 307 -1 305 -1 310 -1 -2
305 -1 309 -1 314 -1 314 -1 -2
307 -1 -2
307 -1 311 -1 -2
309 310 309 -1 300 -1 310 -1 310 -1 -2
314 -1 -2
305 -1 306 -1 308 -1 307 -1 -2
306 -1 307 -1 311 -1 -2
306 -1 -2
301 -1 311 -1 307 -1 -2
307 -1 311 305 -1 308 -1 -2
314 -1 303 -1 -2
307 -1 311 -1 -2
307 -1 309 -1 -2
307 -1 306 -1 302 -1 -2
308 -1 308 -1 309 -1 -2
309 -1 -2
306 -1 307 -1 300 -1 -2
309 -1 307 -1 -2
303 -1 310 -1 314 -1 -2
311 -1 310 -1 307 -1 303 314 -1 -2
307 -1 309 -1 -2
311 -1 307 -1 -2
306 -1 309 -1 -2
306 -1 309 -1 302 -1 314 -1 -2
305 -1 309 -1 -2
306 -1 311 -1 314 -1 -2
314 -1 307 -1 307 -1 306 311 -1 -2
302 -1 306 -1 -2
308 -1 -2
307 -1 314 -1 -2
314 -1 -2
306 -1 306 -1 310 314 -1 -2
308 -1 306 -1 311 -1 -2
309 -1 305 -1 308 -1 307 -1 310 -1 -2
305 -1 310 -1 305 -1 310 -1 306 -1 -2
306 -1 306 -1 -2
306 -1 309 306 -1 -2
307 -1 306 -1 -2
307 -1 305 -1 -2
305 -1 308 -1 309 -1 -2
307 -1 -2
310 -1 305 -1 306 -1 -2
311 -1 -2
302 -1 307 -1 -2
308 -1 301 -1 306 -1 -2
308 -1 310 -1 -2
314 -1 310 -1 307 -1 -2
306 -1 -2
306 -1 307 -1 307 -1 314 -1 310 -1 310 -1 -2
305 -1 311 -1 308 307 -1 -2
309 -1 303 -1 310 -1 -2
311 -1 311 -1 305 303 -1 -2
310 -1 302 -1 -2
307 -1 308 -1 306 -1 -2
302 -1 307 -1 307 -1 310 -1 314 -1 305 -1 -2
306 -1 307 -1 -2
303 -1 300 -1 -2
200 -1 -2
200 -1 314 -1 -2
308 -1 311 -1 307 -1 309 -1 309 -1 -2
309 -1 311 -1 -2
306 -1 310 -1 314 -1 307 -1 -2
10000 -1 -2
310 -1 303 -1 303 -1 311 -1 308 -1 311 -1 303 -1 -2
314 -1 200 -1 -2
307 -1 307 -1 303 -1 -2
302 -1 10000 -1 310 -1 -2
306 -1 311 -1 -2
308 -1 306 -1 -2
306 -1 305 -1 10000 -1 -2
311 -1 310 -1 314 -1 314 -1 -2
311 -1 -2
308 -1 307 -1 -2
310 -1 310 -1 307 -1 307 -1 -2
10000 -1 -2
10000 -1 308 -1 310 -1 200 -1 200 -1 200 -1 308 -1 311 -1 -2
200 -1 311 -1 -2
309 -1 311 -1 302 -1 -2
200 -1 307 -1 -2
300 -1 -2
314 -1 311 -1 -2
308 -1 -2
307 -1 314 -1 -2
200 -1 305 -1 -2
307 -1 307 -1 301 -1 310 -1 307 -1 -2
307 -1 311 -1 -2
303 -1 -2
307 -1 307 -1 -2
308 -1 200 -1 314 -1 303 -1 -2
10000 -1 311 -1 307 -1 -2
307 -1 314 -1 311 -1 300 311 -1 200 -1 -2
309 -1 307 -1 200 -1 -2
306 -1 1000 -1 -2
10000 -1 314 -1 308 -1 -2
303 -1 310 -1 -2
200 -1 310 -1 -2
306 -1 306 -1 200 -1 306 -1 -2
200 -1 307 -1 306 -1 310 -1 -2
200 -1 309 -1 -2
302 -1 310 -1 200 -1 -2
302 -1 -2
200 -1 314 -1 310 -1 -2
311 -1 305 -1 303 -1 307 -1 -2
311 -1 309 -1 305 -1 -2
306 -1 305 -1 307 -1 305 -1 308 -1 306 -1 -2
200 -1 200 -1 200 -1 -2
310 -1 -2
305 -1 311 -1 307 -1 -2
306 -1 307 -1 306 -1 302 -1 -2
307 -1 200 -1 -2
311 -1 -2
200 -1 -2
307 310 -1 200 -1 -2
307 -1 200 -1 310 -1 -2
305 -1 308 -1 303 -1 -2
307 -1 200 -1 308 -1 -2
10000 -1 310 307 -1 308 -1 -2
305 -1 307 -1 303 -1 307 -1 -2
310 -1 302 -1 314 -1 -2
311 -1 302 -1 -2
307 -1 306 -1 307 -1 -2
10000 -1 305 -1 -2
309 -1 -2
311 -1 311 -1 -2
309 -1 -2
200 -1 303 -1 -2
307 -1 311 -1 314 -1 -2
307 -1 311 -1 307 -1 305 -1 -2
311 -1 311 -1 303 -1 -2
313 -1 205 -1 205 -1 205 -1 -2
303 -1 -2
308 -1 314 -1 307 -1 -2
307 310 -1 -2
311 -1 311 -1 200 -1 303 -1 311 -1 -2
311 -1 305 -1 307 -1 -2
305 -1 311 -1 311 -1 306 -1 -2
10720 -1 205 -1 311 -1 307 -1 -2
305 -1 311 -1 212 -1 -2
207 -1 205 -1 207 -1 -2
207 -1 302 -1 308 -1 -2
307 -1 11111 -1 11120 -1 -2
306 -1 311 -1 305 -1 -2
11411 -1 305 -1 205 -1 205 -1 205 -1 -2
11410 -1 207 -1 303 -1 11111 -1 -2
11112 -1 -2
311 -1 10821 -1 -2
310 -1 314 -1 207 -1 -2
205 -1 205 -1 207 -1 207 -1 211 -1 205 -1 -2
307 -1 205 -1 205 -1 10500 -1 205 -1 205 -1 10720 -1 -2
207 -1 302 -1 -2
307 -1 211 -1 306 -1 -2
306 -1 10720 -1 -2
306 -1 11122 -1 10510 -1 -2
10420 -1 306 -1 310 -1 10820 -1 304 -1 311 -1 10620 -1 -2
306 -1 301 -1 211 307 -1 -2
308 -1 -2
10720 -1 10520 -1 -2
311 -1 10900 -1 211 -1 314 -1 -2
311 -1 10220 -1 -2
10320 -1 10000 -1 -2
11320 -1 309 -1 310 -1 -2
10520 -1 10311 -1 313 -1 -2
302 -1 303 -1 10321 -1 310 -1 -2
305 -1 307 -1 -2
305 -1 311 -1 301 -1 306 -1 -2
308 -1 311 -1 -2
200 -1 308 -1 -2
11122 -1 207 -1 207 -1 314 -1 -2
207 -1 214 -1 207 -1 314 -1 214 -1 214 -1 -2
306 -1 10520 -1 -2
307 -1 314 -1 10000 -1 206 -1 -2
10500 -1 205 -1 205 -1 305 -1 -2
311 -1 306 -1 206 -1 306 -1 10511 -1 -2
308 -1 11121 -1 10620 -1 303 -1 -2
303 -1 -2
311 -1 -2
310 -1 209 -1 207 -1 -2
10020 -1 305 -1 -2
311 -1 -2
10000 -1 10501 -1 10120 -1 -2
314 -1 214 -1 306 -1 307 -1 307 -1 -2
209 -1 314 -1 10000 -1 -2
208 -1 308 -1 214 -1 -2
311 -1 11320 -1 204 -1 -2
306 -1 304 -1 307 -1 311 -1 310 -1 -2
314 -1 311 -1 307 -1 10000 -1 10620 -1 -2
206 -1 205 -1 -2
200 -1 -2
307 -1 306 -1 309 -1 -2
10000 -1 306 -1 -2
205 -1 205 -1 -2
205 -1 11120 -1 211 -1 205 -1 211 -1 214 -1 205 -1 -2
211 -1 205 -1 308 -1 311 -1 -2
305 -1 10720 -1 314 -1 205 -1 -2
309 -1 205 -1 -2
207 -1 207 -1 -2
205 -1 200 -1 -2
207 -1 200 -1 -2
10500 -1 311 -1 10920 -1 10311 -1 -2
307 -1 10500 -1 10000 -1 -2
11421 -1 10000 -1 307 -1 11200 -1 10720 -1 -2
10501 -1 200 -1 213 -1 -2
311 -1 10000 -1 311 -1 10120 -1 10321 -1 311 -1 207 206 -1 -2
306 -1 200 -1 10710 -1 207 -1 10000 -1 -2
311 -1 10000 -1 -2
10820 -1 213 -1 11120 -1 10000 -1 207 -1 11021 -1 -2
303 -1 311 -1 310 -1 -2
10710 -1 -2
10500 -1 10320 -1 -2
314 -1 11110 -1 314 -1 301 -1 -2
211 -1 211 -1 311 -1 -2
310 -1 306 -1 -2
10510 -1 10710 -1 307 -1 -2
10111 -1 10710 -1 -2
10000 -1 214 -1 -2
11121 -1 213 -1 -2
10510 -1 314 -1 311 -1 -2
305 -1 10521 -1 314 -1 10520 -1 -2
205 301 -1 205 -1 -2
10900 -1 11210 -1 11320 -1 -2
11420 -1 10720 -1 10720 -1 10320 -1 -2
213 -1 10720 -1 314 -1 207 -1 -2
207 -1 11020 -1 307 -1 305 -1 -2
11120 -1 211 200 -1 200 -1 200 -1 308 -1 307 -1 206 -1 -2
205 -1 205 -1 -2
208 -1 305 -1 -2
211 -1 10920 -1 207 -1 -2
10500 -1 11310 -1 314 -1 11120 -1 -2
214 -1 10000 -1 208 -1 -2
11320 -1 206 -1 -2
10521 -1 314 -1 11320 -1 -2
309 -1 10321 -1 -2
305 -1 -2
307 -1 211 -1 11120 -1 311 -1 -2
311 -1 10500 -1 -2
311 -1 11320 -1 206 -1 314 -1 305 -1 -2
308 -1 -2
203 -1 307 -1 -2
10500 -1 305 -1 -2
10910 -1 10220 -1 -2
11120 207 -1 10920 -1 213 -1 -2
10621 -1 10620 -1 -2
10321 -1 209 -1 306 -1 10000 -1 -2
11120 -1 10500 -1 -2
200 -1 10111 -1 301 -1 307 -1 11321 -1 -2
311 -1 311 -1 -2
307 -1 -2
205 -1 303 -1 10500 -1 -2
209 -1 311 -1 10500 -1 -2
302 -1 10320 -1 311 -1 11320 -1 200 -1 200 -1 305 -1 11120 -1 214 -1 -2
11122 -1 10021 -1 -2
10620 -1 11421 -1 200 -1 11110 -1 -2
11200 -1 305 -1 301 -1 -2
212 -1 209 -1 212 -1 311 -1 -2
307 -1 212 -1 200 -1 212 -1 -2
212 -1 213 -1 200 -1 310 -1 200 -1 206 -1 -2
10720 -1 206 -1 209 -1 200 -1 209 -1 209 -1 -2
209 -1 -2
309 -1 307 -1 200 -1 311 -1 -2
211 -1 200 -1 -2
10000 -1 10620 -1 10910 -1 10501 -1 10900 -1 302 -1 -2
209 -1 311 -1 207 -1 11120 -1 209 -1 -2
10720 -1 10501 -1 301 -1 307 -1 209 -1 -2
211 -1 11310 -1 -2
314 -1 10301 -1 207 -1 -2
200 -1 314 -1 -2
11120 -1 209 -1 309 -1 -2
209 -1 -2
11120 -1 310 -1 -2
10501 -1 310 -1 -2
307 -1 10820 -1 10920 -1 -2
207 -1 11120 -1 11120 -1 309 -1 -2
311 -1 10721 -1 -2
306 -1 310 -1 -2
211 -1 10500 -1 200 -1 213 -1 -2
209 -1 10321 -1 11220 -1 10921 -1 -2
213 -1 11200 -1 209 -1 307 -1 -2
10620 -1 209 -1 306 -1 200 -1 -2
207 -1 311 -1 -2
206 -1 307 -1 209 -1 -2
10720 -1 10500 -1 311 -1 305 -1 202 -1 -2
210 -1 11120 -1 11120 -1 -2
301 -1 307 -1 307 -1 -2
311 -1 303 -1 307 -1 10910 -1 -2
210 -1 11420 -1 311 -1 -2
10010 -1 -2
10500 -1 11120 -1 -2
311 -1 10820 -1 10521 -1 -2
200 -1 303 -1 10521 -1 304 -1 302 -1 -2
306 -1 203 -1 11421 -1 203 -1 11122 -1 309 -1 205 -1 306 -1 -2
10220 -1 11120 -1 -2
11020 -1 211 10000 -1 -2
11320 -1 10900 -1 10810 -1 11120 -1 -2
213 -1 308 -1 306 -1 314 -1 -2
311 -1 209 -1 209 -1 10900 -1 11120 314 -1 -2
10920 -1 10820 -1 309 -1 -2
10500 -1 11120 208 -1 10910 -1 208 -1 209 -1 10810 -1 11112 -1 205 -1 -2
205 -1 306 11120 -1 311 -1 -2
200 -1 200 -1 10320 209 -1 213 -1 200 -1 -2
206 -1 307 -1 -2
307 -1 211 -1 10900 -1 11021 -1 -2
10900 -1 208 -1 307 -1 -2
307 -1 314 -1 -2
10520 -1 -2
305 -1 10900 -1 211 -1 10010 -1 11010 -1 -2
305 -1 10610 -1 -2
11020 -1 305 -1 10000 -1 -2
11320 314 -1 10420 -1 10600 305 301 -1 10711 -1 307 -1 307 -1 205 200 -1 -2
200 -1 205 -1 11411 -1 -2
10900 -1 308 -1 11421 -1 11020 -1 -2
10920 -1 205 -1 -2
311 -1 11401 -1 -2
214 -1 11200 -1 314 -1 10000 -1 -2
306 -1 310 -1 -2
10121 -1 11110 -1 10800 -1 311 -1 10220 -1 10810 -1 -2
314 -1 209 -1 -2
303 -1 11121 -1 10800 -1 -2
307 -1 11310 10000 -1 206 -1 314 -1 314 -1 209 -1 308 -1 10820 -1 -2
209 -1 306 -1 311 -1 -2
10900 -1 305 -1 -2
11420 -1 213 -1 10620 -1 10711 -1 209 -1 207 -1 -2
209 -1 10900 -1 206 -1 -2
10721 -1 314 -1 311 -1 200 -1 11120 302 -1 -2
306 -1 307 -1 201 10720 -1 206 -1 -2
11120 -1 10621 -1 11310 -1 10121 -1 -2
10920 -1 10611 -1 10620 -1 213 -1 10901 -1 -2
10220 -1 10900 -1 10900 -1 208 -1 -2
10120 -1 311 -1 10720 -1 -2
11020 -1 10900 -1 -2
10220 -1 208 -1 -2
10621 -1 310 -1 11121 -1 -2
10000 -1 11400 -1 306 300 -1 10010 -1 -2
10900 -1 10500 -1 308 -1 -2
213 -1 11310 -1 307 -1 10000 -1 -2
208 -1 10900 -1 302 -1 -2
200 -1 303 -1 11400 -1 306 -1 -2
11310 -1 300 308 -1 -2
207 -1 10900 -1 309 209 -1 207 10301 -1 214 -1 11401 -1 11122 -1 -2
200 -1 11400 -1 213 -1 200 -1 200 -1 11120 -1 -2
10000 -1 11400 -1 203 -1 203 -1 11411 -1 10520 -1 302 -1 -2
10820 200 -1 10620 10900 -1 305 10900 -1 200 -1 -2
10610 -1 209 200 -1 308 -1 200 -1 207 -1 200 -1 200 -1 -2
10500 -1 10000 -1 213 -1 303 -1 10321 -1 302 -1 -2
201 -1 10301 -1 307 -1 -2
10620 11400 -1 11120 -1 214 -1 10310 -1 -2
209 -1 11400 -1 10900 -1 -2
10310 -1 206 -1 -2
11400 -1 10900 -1 10900 -1 10500 -1 214 -1 -2
300 -1 10900 -1 11320 -1 11310 -1 10900 -1 -2
209 -1 11300 -1 306 -1 -2
10310 -1 306 -1 200 -1 -2
10501 -1 306 -1 10620 -1 207 -1 10300 -1 -2
10000 -1 201 11421 -1 10900 -1 -2
306 -1 10900 -1 11420 -1 200 -1 -2
200 -1 10010 -1 10620 -1 211 -1 -2
211 -1 11100 -1 -2
10620 -1 11120 -1 -2
303 -1 11120 -1 209 -1 -2
209 -1 209 -1 10820 -1 209 -1 200 -1 11420 -1 10501 -1 -2
200 -1 209 305 -1 209 -1 206 -1 10322 -1 -2
210 -1 203 -1 10900 -1 -2
211 -1 11401 -1 300 -1 10720 -1 10000 209 -1 -2
307 -1 200 11400 -1 203 11320 -1 207 -1 303 -1 207 -1 11120 -1 207 -1 -2
207 -1 209 -1 305 -1 -2
200 -1 10720 -1 207 -1 -2
314 -1 11421 -1 10910 -1 -2
11112 -1 10710 -1 306 -1 -2
11310 -1 10510 -1 -2
303 -1 309 -1 206 303 -1 305 -1 206 -1 -2
206 -1 209 -1 209 -1 10620 211 -1 209 -1 209 -1 -2
11120 -1 213 -1 209 -1 11120 -1 -2
203 -1 10621 -1 211 -1 211 -1 11400 -1 -2
10900 10501 -1 11112 -1 10601 -1 10720 -1 11401 -1 -2
214 10920 -1 301 -1 208 -1 -2
10622 -1 10000 -1 -2
207 -1 311 -1 209 -1 302 -1 207 -1 207 -1 10900 -1 -2
205 -1 307 -1 10710 -1 10510 -1 -2
10601 -1 10000 -1 10900 -1 206 -1 -2
11401 -1 206 -1 200 -1 300 -1 10910 -1 300 307 -1 10900 -1 205 -1 209 -1 -2
205 -1 10020 10510 -1 -2
10800 -1 211 -1 206 -1 11120 -1 -2
311 -1 205 -1 205 -1 311 -1 -2
205 -1 206 -1 205 -1 -2
11401 -1 209 -1 10621 -1 200 -1 10800 205 -1 10900 -1 208 -1 -2
303 -1 10300 206 -1 206 -1 303 -1 10610 -1 209 -1 -2
206 -1 11200 206 -1 206 -1 203 -1 -2
11400 302 -1 314 -1 -2
10800 -1 311 -1 10510 305 -1 213 -1 305 -1 -2
11300 -1 10900 -1 -2
10220 -1 311 -1 211 -1 11120 -1 -2
11400 -1 11400 -1 10020 -1 -2
307 -1 205 -1 209 -1 -2
200 -1 311 -1 207 -1 10300 -1 209 -1 10900 -1 307 -1 -2
10810 -1 209 -1 10621 -1 10610 -1 10000 -1 10611 -1 207 -1 11420 -1 -2
207 -1 205 -1 207 -1 10500 -1 10610 -1 10620 -1 10600 -1 -2
10110 -1 10301 -1 10320 -1 -2
11110 -1 310 -1 308 -1 -2
305 -1 11310 -1 10600 -1 -2
11120 -1 200 -1 310 -1 203 -1 206 -1 11421 -1 307 -1 -2
203 -1 203 -1 10510 -1 305 -1 10311 -1 -2
11400 -1 10820 -1 11110 -1 314 -1 11010 -1 11110 11120 -1 309 -1 -2
10500 -1 10310 -1 11310 206 -1 303 -1 10900 -1 -2
10300 -1 306 309 -1 -2
308 -1 10300 -1 10011 -1 -2
310 307 -1 -2
11400 -1 10620 -1 -2
10900 -1 306 -1 -2
10700 -1 10301 -1 10611 -1 200 -1 -2
314 -1 11410 -1 203 -1 10510 308 -1 10500 -1 10020 -1 -2
10820 -1 200 -1 10520 -1 -2
209 -1 208 -1 -2
10010 -1 200 -1 10000 -1 200 -1 11112 -1 10010 -1 -2
209 -1 314 -1 10500 10000 -1 -2
10820 -1 308 -1 -2
11112 -1 11011 -1 10500 -1 11120 -1 -2
310 -1 314 -1 10710 -1 -2
11410 -1 201 -1 11122 -1 -2
11300 -1 306 -1 10720 -1 10310 -1 309 -1 10720 -1 210 -1 210 -1 -2
311 -1 206 -1 10910 -1 207 -1 307 -1 -2
209 -1 306 -1 209 -1 10301 -1 10820 -1 213 -1 209 -1 -2
303 -1 207 -1 10010 -1 11400 -1 206 -1 -2
206 -1 311 -1 206 -1 206 10920 -1 211 -1 210 -1 206 -1 -2
211 -1 11400 -1 -2
10720 -1 306 -1 11310 -1 314 -1 11101 -1 -2
213 11400 -1 10301 -1 11120 -1 11310 -1 10712 -1 10000 -1 10900 -1 10920 -1 -2
203 -1 11401 -1 314 -1 310 -1 -2
306 -1 11120 -1 209 -1 10120 -1 211 -1 -2
10900 -1 211 -1 10301 -1 203 -1 10000 -1 213 -1 10000 -1 -2
310 -1 10020 -1 209 -1 200 -1 10310 -1 -2
211 -1 11420 -1 11401 -1 -2
311 -1 303 -1 10301 -1 211 -1 10300 -1 -2
11101 -1 314 -1 214 -1 10310 -1 10000 -1 -2
203 -1 309 -1 203 314 -1 11400 -1 307 -1 -2
10301 -1 10900 -1 314 -1 -2
314 -1 309 -1 10900 -1 10300 -1 10820 -1 306 -1 -2
11120 -1 311 -1 206 -1 10210 -1 -2
10011 -1 311 -1 10300 -1 -2
311 -1 314 -1 10310 -1 -2
11110 -1 10020 10500 -1 -2
10010 -1 11010 -1 10311 -1 305 -1 -2
10620 -1 209 -1 -2
211 -1 10610 -1 305 -1 10500 -1 -2
206 -1 314 -1 306 -1 314 -1 205 -1 208 -1 311 -1 205 10900 -1 205 -1 -2
205 -1 205 -1 310 -1 205 -1 10000 -1 307 -1 209 -1 10301 -1 213 -1 -2
10621 -1 11120 -1 200 -1 -2
10310 -1 10500 -1 213 -1 10622 -1 -2
10700 -1 205 -1 209 -1 209 -1 -2
11311 -1 303 -1 311 -1 311 10500 -1 10300 -1 -2
10620 -1 10711 -1 209 -1 11112 -1 207 -1 203 -1 10120 -1 -2
203 -1 203 -1 302 -1 203 -1 314 -1 10000 -1 203 -1 203 -1 -2
10820 -1 10720 -1 10300 -1 10310 -1 203 -1 10720 -1 -2
203 -1 209 -1 200 -1 209 -1 211 -1 11020 -1 10720 -1 10610 -1 207 10900 -1 11020 -1 -2
213 209 -1 213 -1 11300 -1 11400 -1 209 -1 205 -1 -2
10720 -1 11120 -1 200 211 -1 -2
10900 -1 211 11401 -1 10710 -1 211 -1 10621 -1 -2
10710 -1 206 -1 -2
209 -1 213 -1 211 11122 -1 209 -1 207 311 -1 -2
209 -1 10611 -1 314 -1 311 -1 -2
306 -1 302 -1 -2
10621 -1 306 -1 308 -1 310 -1 -2
310 -1 306 -1 11120 -1 11110 -1 -2
314 -1 307 -1 200 -1 209 -1 -2
203 -1 307 -1 11121 -1 207 -1 11400 -1 10320 -1 -2
307 -1 200 -1 212 -1 312 209 -1 11411 -1 10900 -1 -2
11112 -1 209 -1 10900 -1 211 -1 206 -1 -2
214 -1 10800 -1 211 -1 10610 -1 209 -1 314 -1 209 -1 -2
206 -1 210 206 -1 210 -1 210 -1 214 -1 210 -1 210 -1 210 -1 300 209 -1 -2
210 -1 201 -1 210 -1 210 -1 10300 210 -1 311 -1 11020 -1 306 -1 11410 -1 -2
11420 -1 302 -1 10420 -1 -2
206 -1 210 -1 210 -1 210 -1 210 -1 10220 -1 210 -1 210 -1 -2
214 -1 210 -1 11010 -1 210 307 -1 206 -1 302 -1 311 -1 210 -1 206 -1 11020 -1 210 -1 11020 -1 -2
209 -1 205 -1 314 -1 10910 -1 10710 -1 310 -1 11310 -1 -2
11020 -1 10820 -1 205 -1 200 -1 10000 -1 11010 -1 -2
10910 -1 10900 -1 10900 -1 10610 -1 10900 -1 207 -1 300 -1 -2
10010 -1 11101 -1 11010 -1 11411 -1 10900 -1 10000 -1 -2
211 -1 213 -1 201 -1 208 -1 211 -1 11200 -1 10620 -1 -2
11120 -1 213 209 -1 209 -1 213 -1 207 -1 209 -1 11320 -1 209 -1 207 11010 -1 314 -1 11111 -1 311 -1 -2
11400 -1 10620 -1 306 -1 306 -1 10910 -1 -2
11120 -1 10000 -1 -2
10300 -1 10620 -1 11320 10920 -1 10900 308 -1 -2
205 311 -1 305 -1 214 -1 11110 -1 10620 -1 210 -1 10810 -1 306 -1 11120 -1 -2
211 -1 209 -1 211 -1 209 -1 10610 -1 213 -1 209 -1 303 -1 209 -1 205 -1 203 -1 -2
10610 -1 203 -1 211 -1 211 -1 211 -1 11410 -1 11320 -1 10720 11120 -1 10900 -1 -2
11121 -1 306 -1 303 -1 205 -1 205 11102 -1 -2
205 -1 306 -1 209 -1 211 -1 210 -1 210 -1 210 -1 210 -1 -2
314 -1 311 10500 -1 214 -1 10120 -1 -2
10300 11410 -1 314 310 -1 207 -1 10500 -1 208 -1 -2
11420 -1 11310 -1 206 -1 211 207 311 -1 10900 -1 211 -1 207 -1 207 -1 -2
212 -1 209 -1 207 10311 -1 10000 -1 10900 10320 -1 306 -1 -2
10701 -1 10311 -1 209 -1 10500 -1 213 207 -1 -2
206 -1 210 -1 10700 -1 -2
314 -1 11010 -1 11121 -1 11401 -1 209 -1 10300 209 -1 310 -1 -2
10800 213 -1 10611 206 -1 209 -1 211 -1 311 211 -1 211 209 -1 209 -1 211 -1 10111 209 -1 209 -1 -2
11110 -1 10010 -1 209 -1 209 -1 11112 -1 -2
11111 -1 209 -1 -2
10721 200 201 -1 209 -1 209 -1 209 -1 213 -1 11310 10900 10620 -1 -2
209 10500 -1 11401 -1 11112 -1 205 -1 209 -1 11120 -1 313 -1 -2
203 -1 204 -1 307 -1 10310 -1 10612 -1 10900 -1 311 -1 211 -1 10000 -1 -2
210 -1 210 -1 211 -1 313 10311 -1 11010 -1 205 -1 -2
10712 310 -1 11410 -1 209 -1 -2
203 -1 10900 -1 310 -1 10320 -1 -2
205 -1 200 -1 11122 -1 205 -1 10711 -1 214 -1 10900 -1 -2
10900 -1 11421 -1 10500 -1 11300 -1 -2
209 -1 200 -1 10610 -1 207 -1 209 -1 10500 -1 200 209 -1 305 10700 -1 11020 -1 209 -1 209 -1 11120 209 -1 -2
10700 -1 10612 -1 209 -1 213 -1 209 -1 213 -1 -2
211 -1 211 -1 201 -1 205 -1 10800 10900 -1 303 207 -1 -2
213 -1 208 -1 11400 -1 209 10301 -1 200 10900 -1 11120 -1 213 -1 208 -1 10900 -1 209 -1 -2
213 -1 11400 -1 10900 -1 306 -1 213 -1 209 -1 209 -1 207 -1 314 -1 209 -1 201 -1 11120 -1 209 -1 -2
11112 -1 10820 -1 207 -1 207 -1 311 -1 209 -1 209 -1 209 10800 -1 209 11112 -1 -2
10620 -1 11410 -1 10900 -1 205 -1 307 -1 11111 -1 10000 213 -1 10910 -1 205 -1 -2
11400 -1 10320 -1 10720 -1 10000 -1 208 -1 -2
213 -1 11120 -1 214 11320 -1 10001 11021 -1 314 -1 11401 -1 214 213 -1 -2
214 -1 214 -1 214 -1 11311 214 -1 11112 -1 307 -1 214 -1 -2
306 -1 10601 -1 10000 -1 -2
206 -1 206 -1 10311 -1 214 -1 210 -1 11110 -1 -2
11400 -1 214 -1 10000 -1 10321 -1 211 -1 10310 -1 310 -1 -2
314 -1 214 -1 10920 -1 10501 -1 11420 -1 -2
11120 -1 305 -1 211 -1 -2
210 -1 11400 307 -1 10020 -1 214 -1 210 -1 -2
11400 -1 10520 -1 11400 -1 314 -1 10010 -1 11400 -1 -2
211 -1 211 -1 211 -1 205 -1 -2
314 -1 -2
10610 -1 10210 -1 -2
309 -1 211 -1 314 -1 214 -1 -2
301 -1 -2
203 -1 203 -1 203 -1 211 -1 203 -1 203 -1 -2
200 203 -1 200 308 -1 200 -1 200 -1 -2
10500 -1 213 -1 200 -1 200 -1 11020 -1 200 -1 -2
307 -1 10321 -1 301 -1 307 -1 -2
200 -1 209 -1 211 -1 205 -1 10610 -1 205 -1 211 311 10000 -1 -2
201 -1 10521 -1 211 -1 211 -1 -2
10610 -1 205 -1 -2
210 -1 205 -1 -2
213 -1 10610 -1 310 -1 205 -1 11111 -1 -2
10620 -1 201 -1 211 -1 205 -1 201 -1 211 -1 214 -1 211 -1 -2
211 -1 201 211 -1 201 -1 10500 -1 -2
207 -1 213 -1 200 -1 211 11410 -1 207 -1 -2
207 -1 207 -1 207 -1 209 -1 200 -1 207 209 -1 200 -1 209 -1 213 311 -1 207 -1 -2
207 -1 200 -1 207 -1 200 -1 207 -1 213 -1 207 -1 207 -1 -2
207 -1 211 -1 200 10620 -1 211 -1 207 -1 309 -1 11400 -1 -2
311 -1 213 -1 313 -1 211 -1 209 -1 302 -1 205 -1 306 -1 10500 -1 205 -1 -2
306 -1 211 -1 203 -1 207 -1 214 -1 10500 -1 10720 -1 -2
10310 -1 10000 -1 211 -1 205 -1 -2
205 -1 11110 -1 10510 -1 10500 -1 11120 -1 213 -1 11111 -1 -2
10610 -1 10500 -1 214 -1 211 -1 10000 -1 11020 -1 -2
11120 -1 214 -1 10010 -1 314 -1 -2
211 311 -1 211 -1 11111 -1 11110 -1 305 -1 -2
10620 -1 11401 -1 11120 200 -1 -2
11120 -1 210 -1 10610 -1 11020 -1 -2
10820 -1 10220 -1 311 -1 306 -1 10010 -1 306 -1 -2
10910 -1 10310 -1 -2
11120 -1 10710 -1 11110 -1 -2
10500 -1 214 -1 -2
210 -1 200 -1 214 -1 214 -1 214 -1 206 -1 11120 -1 314 -1 205 -1 10820 -1 306 -1 10920 10010 -1 -2
214 -1 214 -1 205 -1 -2
11401 -1 205 -1 214 -1 11310 -1 214 -1 -2
10311 -1 10320 -1 307 -1 207 -1 -2
10321 -1 205 -1 300 -1 202 -1 -2
311 -1 211 -1 311 -1 211 -1 -2
307 -1 11120 -1 209 -1 -2
208 -1 308 -1 -2
213 -1 305 -1 205 -1 207 -1 314 -1 -2
11120 -1 10720 -1 303 -1 205 -1 309 -1 205 -1 -2
11311 -1 11120 -1 310 -1 -2
206 -1 10620 -1 -2
10621 -1 203 -1 10611 -1 203 -1 301 -1 -2
11400 -1 305 -1 10121 -1 -2
214 -1 308 -1 10312 -1 208 -1 -2
310 -1 310 -1 10000 -1 203 -1 203 -1 11400 -1 203 -1 311 -1 -2
10320 -1 203 10321 -1 211 -1 211 -1 206 -1 211 -1 10500 -1 211 -1 301 -1 11020 -1 -2
10310 11111 -1 11421 -1 11112 -1 -2
206 -1 306 -1 10220 -1 203 -1 211 205 -1 205 -1 11120 -1 -2
203 -1 10620 -1 -2
11112 -1 10621 -1 213 -1 10311 314 -1 -2
307 -1 10000 -1 10720 -1 10111 -1 -2
200 -1 10220 -1 307 -1 214 -1 -2
303 -1 211 -1 10000 -1 11110 -1 -2
10910 -1 11121 -1 -2
